*-------------------------------------------------------------------------------*
MultinomialNB default values, try 1

b)Confusion matrix
[[ 98   0   0   0   0]
 [  0  73   0   0   0]
 [  0   0  92   0   0]
 [  0   0   0 110   0]
 [  0   0   0   0  72]]

c)Precision, recall, and F1-measure

               precision    recall  f1-score   support

     business       1.00      1.00      1.00        98
entertainment       1.00      1.00      1.00        73
     politics       1.00      1.00      1.00        92
        sport       1.00      1.00      1.00       110
         tech       1.00      1.00      1.00        72

     accuracy                           1.00       445
    macro avg       1.00      1.00      1.00       445
 weighted avg       1.00      1.00      1.00       445

d)

Accuracy
1.0
Macro average F1
1.0
Weighted average F1
1.0

e)Prior probablity of each class:

i)Business:
[1.00000000e+000 1.00000000e+000 4.75727151e-147 2.64749123e-068
 9.76582306e-140 3.81763536e-118 1.29713370e-055 1.02496125e-067
 6.57966256e-238 1.95293202e-205 3.61130869e-106 1.00000000e+000
 2.00425467e-132 1.00000000e+000 2.52308682e-049 1.31943967e-053
 3.03337942e-134 1.49742646e-175 1.00000000e+000 1.48738299e-164
 1.67934513e-148 2.33167648e-155 4.90318455e-072 1.00000000e+000
 5.28853877e-042 1.00000000e+000 8.58222364e-064 7.26199284e-057
 2.41129889e-063 5.62025562e-085 9.51197681e-097 6.71339414e-065
 1.00000000e+000 2.23021624e-074 3.07739547e-116 4.27810521e-139
 1.00000000e+000 1.00000000e+000 1.16153072e-249 1.50409530e-145
 5.62327220e-094 2.25666755e-127 9.91940189e-136 7.99253260e-125
 8.86222595e-107 9.67231016e-176 7.29992893e-187 1.66131955e-115
 7.19499439e-085 6.36916311e-193 1.04010766e-277 3.58829391e-146
 1.11749743e-086 3.17113870e-193 2.21924173e-280 1.79453513e-211
 5.14653659e-045 1.00000000e+000 1.49878289e-095 7.16109929e-218
 1.00000000e+000 1.00000000e+000 3.80012121e-162 6.97694531e-132
 1.00000000e+000 1.00000000e+000 1.34999698e-085 1.00000000e+000
 3.19604630e-151 1.00000000e+000 8.25671539e-106 2.26760960e-062
 6.97223855e-151 2.01140016e-188 1.00000000e+000 1.00000000e+000
 6.77026006e-189 4.03243870e-188 0.00000000e+000 1.73468140e-132
 1.00000000e+000 1.00000000e+000 1.00000000e+000 4.93331275e-099
 1.00000000e+000 1.67830392e-134 1.90313980e-105 1.00000000e+000
 1.00000000e+000 1.26859474e-118 1.00000000e+000 1.80836847e-113
 5.71546508e-298 8.04929311e-125 1.95508681e-114 1.00000000e+000
 2.48720947e-082 1.86725736e-075 1.05732871e-100 2.93409203e-239
 6.46610779e-208 5.80876512e-121 1.47180240e-099 2.07507571e-322
 1.72067717e-197 1.90889622e-167 3.66075010e-158 1.00000000e+000
 1.00000000e+000 1.38415854e-038 4.02016598e-088 1.93435116e-263
 1.00000000e+000 1.56796333e-083 1.03646128e-064 0.00000000e+000
 1.00350696e-158 3.45422665e-157 3.39441433e-138 1.34016193e-053
 1.83628280e-275 6.22617239e-085 2.14054338e-105 1.23696127e-100
 1.58447389e-133 1.00000000e+000 1.00000000e+000 1.00000000e+000
 8.63713937e-105 4.20803456e-069 5.18853406e-166 0.00000000e+000
 1.38418675e-123 5.17445348e-145 4.15881112e-134 3.52239218e-061
 4.25354561e-085 1.19314133e-090 1.78778662e-107 6.28356435e-116
 3.27257276e-157 2.90896295e-098 8.54264558e-072 5.41952300e-130
 1.00000000e+000 1.00000000e+000 5.69593394e-248 1.00000000e+000
 1.00000000e+000 8.58825655e-167 5.68605874e-131 4.36494905e-083
 1.21819425e-087 1.00000000e+000 1.92789791e-263 1.00000000e+000
 1.00000000e+000 1.10627575e-073 1.00000000e+000 1.10923826e-052
 1.00000000e+000 1.66950477e-054 1.00000000e+000 1.95008369e-046
 1.00000000e+000 1.00000000e+000 1.00000000e+000 1.73951434e-063
 1.00000000e+000 1.71927665e-048 1.00000000e+000 2.08316925e-098
 6.89998523e-159 1.00000000e+000 1.49850538e-070 1.37784670e-246
 2.39904190e-151 6.04297703e-092 1.00000000e+000 1.00000000e+000
 9.18571870e-240 6.86846255e-107 5.60325054e-115 3.08289484e-089
 1.00000000e+000 1.00000000e+000 1.00000000e+000 6.58688308e-040
 1.11214589e-125 3.83444773e-155 1.73936391e-080 6.79358241e-075
 2.70946039e-076 2.10974529e-072 1.26008445e-196 0.00000000e+000
 9.36692746e-249 1.19977522e-110 2.74613431e-244 3.70728743e-088
 1.00000000e+000 6.36637825e-236 1.00000000e+000 1.46821662e-180
 1.00000000e+000 5.30085753e-125 7.37275760e-110 0.00000000e+000
 7.57064935e-050 1.00000000e+000 2.36789940e-097 5.52646498e-120
 6.25624944e-185 5.43352488e-065 6.24063886e-110 1.00000000e+000
 0.00000000e+000 2.48199004e-137 7.84792008e-216 4.35983380e-055
 2.25329178e-056 1.31645963e-100 9.11624150e-117 1.62719621e-059
 9.70382187e-084 1.00000000e+000 1.37952706e-097 4.73320293e-057
 2.28203808e-176 1.00000000e+000 6.44902891e-194 6.28687630e-100
 5.15413873e-106 1.00000000e+000 2.86776801e-175 5.64005343e-166
 8.19228000e-111 2.53375636e-164 1.88174674e-114 2.37916785e-053
 1.00000000e+000 1.80836847e-113 1.01118672e-192 7.12882279e-072
 1.00000000e+000 2.43684580e-185 1.00000000e+000 1.67892142e-082
 5.16735043e-143 1.00000000e+000 8.82364535e-139 2.41064417e-084
 2.76564469e-180 1.00000000e+000 8.01939595e-175 1.78768453e-169
 4.17824963e-090 2.99151493e-155 1.16254179e-244 1.00000000e+000
 6.42013204e-079 1.97629606e-153 1.00000000e+000 4.43744316e-163
 5.16716019e-200 1.00000000e+000 8.04732902e-050 4.53305019e-101
 9.87247425e-088 4.31988249e-069 9.01543445e-090 3.03074282e-095
 8.30218881e-078 8.77157628e-164 1.00000000e+000 0.00000000e+000
 9.26868682e-127 1.00000000e+000 1.32510691e-277 1.00000000e+000
 6.15124236e-066 4.19916831e-157 2.69256299e-103 1.03376197e-143
 4.59570033e-098 7.92114901e-088 1.00000000e+000 1.08331225e-093
 1.23553406e-085 3.70846894e-220 3.55329547e-101 6.46441195e-088
 4.64652275e-067 2.12607828e-156 2.08193569e-139 0.00000000e+000
 1.37975407e-183 1.51098958e-054 1.00000000e+000 3.65985085e-192
 1.95696661e-059 8.79818932e-280 1.00000000e+000 1.64137494e-135
 6.55416414e-140 3.03815318e-196 4.39928651e-182 4.71864713e-146
 5.73719171e-046 2.11050905e-146 3.72880013e-074 2.74972038e-197
 4.03907286e-140 5.38734798e-097 2.22009721e-086 5.21885507e-180
 1.41431617e-075 2.37687833e-141 7.68023347e-129 8.40531425e-060
 5.97368591e-112 4.64254051e-151 1.00000000e+000 1.52129488e-054
 1.74946709e-093 1.00000000e+000 4.81272048e-110 1.24098393e-236
 1.06942907e-093 1.00000000e+000 3.33642929e-172 7.81450443e-026
 2.71328083e-030 9.19970782e-079 5.58913391e-078 5.11822641e-285
 1.28503984e-140 6.41476581e-266 5.80876512e-121 1.00000000e+000
 1.37975040e-253 2.23802227e-041 5.52755262e-145 1.00000000e+000
 2.43191163e-114 6.95784298e-118 1.63031317e-194 2.01264700e-079
 2.09828669e-071 8.23637418e-181 4.33246315e-157 1.00000000e+000
 9.75422755e-173 2.97997501e-112 1.00000000e+000 3.99806374e-059
 1.00000000e+000 8.30707120e-138 5.09971606e-155 8.57500878e-189
 3.58240578e-058 2.14054338e-105 1.00000000e+000 1.42524843e-197
 3.04870157e-048 4.06080893e-130 5.58323700e-059 6.85000617e-272
 3.17894602e-111 3.83278264e-101 1.00000000e+000 3.15845786e-104
 2.89645493e-162 7.20818822e-063 1.67615312e-077 6.56458789e-061
 3.05405609e-152 2.08019700e-126 3.74285150e-083 7.04846754e-130
 1.00000000e+000 2.47260352e-138 3.33407375e-048 3.79343367e-127
 1.75811600e-274 7.42700714e-140 9.10482503e-034 2.39076944e-091
 1.32060281e-137 3.32211477e-076 6.92035107e-181 1.00000000e+000
 5.26540859e-121 1.14660083e-191 1.03511811e-047 1.00000000e+000
 1.45435367e-097 2.82811060e-170 2.45319573e-088 1.18895902e-069
 5.36275853e-068 1.29763219e-053 0.00000000e+000 1.00000000e+000
 7.89870248e-110 5.76779751e-046 3.72175791e-194 3.15362716e-076
 1.13558550e-099 1.04970808e-087 9.37668848e-102 8.71022332e-069
 7.76045291e-064 5.88783700e-225 1.97951185e-293 5.36057637e-108
 1.60004336e-077 2.35823811e-301 1.95659851e-195 2.07960742e-124
 3.77541183e-113 1.00000000e+000 1.00000000e+000 1.24119030e-082
 2.17147946e-104 1.55328199e-130 1.00000000e+000 8.28265643e-156
 2.82379208e-130 6.21288221e-062 1.05914988e-066 1.47603041e-113
 1.00000000e+000 1.00000000e+000 2.14270816e-112 6.20528893e-094
 1.10759381e-170 2.92513886e-097 6.28904114e-179 1.00000000e+000
 1.00000000e+000 9.98422234e-317 5.20475734e-131 1.10215761e-063
 1.00000000e+000]

ii)Entertainment:
[6.81643105e-072 1.74435372e-123 1.54067524e-136 1.00000000e+000
 3.68831023e-133 6.58585428e-083 8.11680885e-100 6.59430026e-059
 1.15050705e-212 6.94632609e-192 1.00000000e+000 1.58475402e-100
 9.25328101e-140 2.20360204e-135 1.00000000e+000 2.30336348e-051
 3.11092721e-230 7.87009197e-145 1.08718191e-138 2.65708370e-171
 1.00000000e+000 2.05965067e-121 2.78518457e-056 2.94414995e-105
 1.45188841e-103 7.84896847e-188 1.00000000e+000 9.85762229e-069
 5.46183383e-117 8.26003653e-077 2.20329529e-119 5.27694073e-064
 3.37696881e-074 5.48090105e-074 1.00000000e+000 1.03098276e-164
 2.28452020e-094 1.23595485e-076 2.04207946e-204 8.79396403e-186
 6.62731812e-163 3.12096759e-159 4.45609132e-106 9.26404545e-099
 1.28122356e-144 9.64472120e-151 3.14965424e-184 1.00000000e+000
 1.00000000e+000 4.57345093e-151 1.23275355e-265 9.30865307e-157
 3.21544542e-078 4.23256951e-216 1.61300653e-234 1.23583908e-167
 1.62022913e-039 1.69429713e-103 1.00000000e+000 2.99568317e-179
 4.98377221e-078 4.80786818e-106 1.56558833e-191 1.99083653e-192
 2.29827666e-166 1.23153720e-166 1.51415155e-125 1.06047011e-134
 2.46371357e-161 1.93951554e-120 3.96187644e-117 1.74303914e-055
 1.00000000e+000 1.47625928e-206 2.05821182e-125 6.87053068e-097
 4.08085386e-160 2.98699666e-171 0.00000000e+000 4.22652172e-157
 1.71478778e-098 4.89244722e-087 1.10469284e-124 1.00000000e+000
 7.45478622e-102 1.00000000e+000 1.01450427e-100 6.10849300e-148
 2.75853712e-232 3.89326485e-150 1.01914774e-074 1.00000000e+000
 1.55019260e-307 1.00000000e+000 1.52235911e-100 9.48348460e-062
 1.00000000e+000 4.32807598e-065 1.98683586e-143 5.11144117e-257
 2.65048424e-157 1.00000000e+000 3.26270918e-110 0.00000000e+000
 5.35474869e-199 2.47184358e-128 3.24265069e-116 3.93695636e-225
 1.43049920e-076 8.44811606e-035 4.21063465e-091 1.06513716e-259
 2.31168948e-144 2.06954931e-117 2.32919505e-064 1.00000000e+000
 1.86184869e-199 2.07101529e-192 2.77019748e-115 4.93405751e-053
 8.43702758e-253 1.00000000e+000 2.43604091e-094 6.17410473e-109
 7.44237893e-140 2.81916848e-112 2.77317393e-157 6.90918436e-231
 2.17707684e-128 1.00000000e+000 3.39224082e-143 0.00000000e+000
 7.87596366e-135 2.46062622e-133 4.71481207e-181 2.44680056e-079
 1.00000000e+000 1.99281649e-074 1.68141506e-117 3.81677140e-146
 6.47360044e-170 4.87718751e-074 1.00000000e+000 3.63952359e-114
 1.21988424e-090 2.63817016e-186 1.75393304e-321 5.19014958e-215
 1.91459561e-083 4.47287558e-163 6.29034468e-129 1.00000000e+000
 1.00000000e+000 1.03671672e-108 1.00000000e+000 9.18722116e-239
 5.68153100e-105 1.00000000e+000 3.66526980e-106 5.57561697e-050
 1.05358348e-106 1.00000000e+000 7.78614240e-070 4.59950507e-037
 6.27748851e-112 2.32099168e-178 1.30175349e-095 2.27539989e-043
 1.30357039e-089 1.14064461e-037 5.16420414e-078 1.00000000e+000
 1.00000000e+000 3.95988889e-051 1.00000000e+000 1.00000000e+000
 1.12995756e-164 1.00000000e+000 8.56132097e-110 1.13828986e-068
 4.80745115e-276 6.66540184e-158 4.24283041e-134 5.64158204e-081
 9.69447057e-106 1.18776146e-165 8.20621704e-122 3.86857739e-052
 1.97075079e-121 8.18485632e-195 4.36418434e-075 1.48796488e-059
 1.00000000e+000 1.00000000e+000 4.14574317e-189 0.00000000e+000
 6.30917356e-202 2.74481150e-072 8.75058807e-254 3.49824611e-084
 7.07954975e-082 6.02105326e-184 2.55936824e-082 1.81372336e-185
 1.18709021e-092 2.65702869e-173 2.25844910e-193 0.00000000e+000
 1.00000000e+000 7.13650897e-150 4.83786487e-070 3.13947146e-243
 1.24000285e-223 1.06762026e-082 5.84114433e-090 1.40881694e-108
 0.00000000e+000 3.95434084e-114 5.86819231e-223 4.57860570e-079
 1.00000000e+000 1.46435237e-128 5.50239293e-107 3.71204769e-052
 1.00000000e+000 3.01722199e-088 3.59292515e-097 4.32077322e-068
 1.46396140e-202 2.78189816e-075 8.43581783e-142 2.76956157e-102
 1.00000000e+000 1.03234113e-076 2.53740814e-232 2.11950225e-204
 1.00000000e+000 3.01079434e-125 6.22729926e-127 2.71367023e-037
 2.28127644e-081 1.00000000e+000 3.76468778e-141 7.64156116e-096
 9.73539209e-096 9.11241213e-210 4.55855440e-067 1.00000000e+000
 1.14630069e-183 2.80308423e-165 1.70237030e-096 4.63774530e-112
 2.44818543e-125 1.19169590e-132 9.50553922e-232 1.86669406e-148
 7.50864847e-079 1.02226205e-126 1.33948667e-246 5.87783312e-302
 1.00000000e+000 4.64782445e-183 9.07317820e-099 1.56042102e-181
 1.00000000e+000 5.24984022e-143 4.13497064e-090 1.10187471e-083
 1.00000000e+000 6.34982340e-136 7.63125227e-075 1.47512995e-066
 1.42637624e-079 1.00000000e+000 4.78714385e-082 0.00000000e+000
 1.00000000e+000 2.23031731e-114 0.00000000e+000 8.36981341e-103
 1.41460413e-055 1.80019885e-160 1.00000000e+000 2.92529967e-175
 3.81542601e-095 1.00000000e+000 2.28557800e-063 1.00000000e+000
 4.12069587e-112 1.00000000e+000 1.06696522e-077 1.00000000e+000
 2.40615127e-103 4.09415747e-103 8.91219913e-178 0.00000000e+000
 2.25862807e-233 1.70028607e-061 1.32825438e-059 8.39522595e-167
 5.91067944e-057 1.12165032e-259 1.73307139e-153 5.02893554e-155
 1.00000000e+000 1.16561978e-190 2.53408346e-150 5.15445746e-136
 1.00000000e+000 3.34024273e-175 1.00000000e+000 3.30243143e-172
 5.42416921e-159 7.31406345e-082 1.00000000e+000 5.29575612e-183
 1.02054930e-123 3.98100461e-140 6.06144635e-126 9.27753546e-079
 1.28043944e-084 1.83140027e-212 6.82907581e-073 1.00000000e+000
 2.80352620e-139 1.18702861e-086 1.58288525e-129 6.52033706e-226
 1.75962258e-091 4.93142294e-098 1.83169776e-143 2.85704333e-057
 1.00000000e+000 6.75198964e-065 4.33713306e-093 4.37004110e-281
 3.02804672e-139 6.61641301e-245 1.00000000e+000 2.01888275e-189
 9.57728906e-263 4.83225398e-047 2.30914591e-132 5.32229145e-093
 1.55902451e-095 1.00000000e+000 1.13581011e-192 1.44277710e-072
 1.00000000e+000 4.52676250e-165 3.86912297e-124 3.67881167e-100
 6.43853114e-151 1.00000000e+000 3.81580190e-166 1.11931749e-049
 3.89031475e-174 1.00000000e+000 1.46269933e-188 8.16469030e-180
 7.69293377e-051 2.43604091e-094 2.42408482e-119 2.96854297e-155
 9.44879906e-062 1.56724484e-140 8.33415722e-070 1.14730834e-235
 1.85800931e-107 1.00000000e+000 1.29925805e-053 4.64794590e-096
 3.51099287e-153 4.57905140e-055 1.00000000e+000 1.44970037e-106
 6.33625133e-200 3.25588416e-105 6.42548887e-077 1.18533239e-141
 9.14636750e-137 1.00000000e+000 1.71118137e-087 4.25293352e-201
 2.41037074e-278 9.34221110e-145 5.19367980e-094 2.83002570e-048
 1.00000000e+000 1.00000000e+000 6.64962418e-157 1.11841961e-113
 3.15150158e-142 1.80121463e-213 1.36458159e-048 5.48343783e-229
 1.80115130e-075 9.81394436e-130 1.00000000e+000 1.16666189e-057
 2.19555276e-058 1.00000000e+000 9.19722468e-318 3.42510863e-242
 1.91620193e-169 1.00000000e+000 4.36860907e-178 1.22503906e-067
 2.11440110e-091 7.60741791e-079 1.22942700e-082 6.46973116e-094
 1.75003448e-045 0.00000000e+000 2.00423296e-255 2.45713798e-130
 1.00000000e+000 0.00000000e+000 5.67605176e-235 1.85471598e-154
 7.03265538e-095 1.14981319e-094 9.61151959e-131 3.39105610e-038
 3.16313598e-106 2.15007328e-161 1.62282001e-152 4.43335224e-123
 1.00000000e+000 1.51150151e-128 3.76540077e-060 1.35113979e-127
 4.78749611e-321 2.87895708e-120 1.00000000e+000 6.04493938e-138
 1.98453228e-158 1.00000000e+000 2.15973532e-215 5.16218256e-138
 8.13849036e-151 1.15117295e-321 4.41604067e-138 9.88687472e-088
 5.51444947e-066]

iii)Politics:
[6.20515278e-062 1.76926097e-072 6.56275631e-126 1.20389748e-062
 9.08791680e-130 8.47806693e-105 3.02678804e-081 1.75099512e-053
 4.59593143e-235 2.89266167e-160 2.53905194e-103 3.46281475e-070
 1.00000000e+000 2.40976998e-115 8.63207565e-045 7.36982632e-052
 1.00000000e+000 1.00000000e+000 7.06375120e-121 6.27797072e-178
 1.50462767e-134 1.43056822e-120 1.00000000e+000 4.59621271e-054
 1.00000000e+000 2.73137806e-124 5.17954938e-056 1.00000000e+000
 5.51132630e-066 1.42818200e-084 1.00000000e+000 4.94565764e-063
 1.82107797e-078 4.76019851e-093 2.77800153e-102 2.85681680e-147
 3.74011238e-088 7.97326825e-077 1.99513491e-216 3.66811754e-174
 1.00000000e+000 1.00000000e+000 1.00000000e+000 6.41850515e-091
 2.13521496e-112 1.73226535e-131 2.66489503e-135 1.82339962e-061
 9.57739972e-065 1.37146768e-139 3.14599600e-267 1.00000000e+000
 2.62225691e-063 1.00000000e+000 1.59059762e-216 1.96474363e-151
 9.29295464e-044 5.66149732e-057 2.77390677e-093 1.20795048e-198
 1.15133871e-036 1.75046918e-048 2.43798455e-150 1.00000000e+000
 6.23919783e-167 7.78440218e-093 1.00000000e+000 2.21115649e-111
 1.00000000e+000 1.19974943e-058 9.03532681e-106 1.87633257e-057
 5.45934440e-155 2.97764054e-196 1.09360879e-078 5.02467308e-048
 1.64594421e-151 7.74807590e-179 2.79758813e-285 2.93511380e-101
 3.14478899e-068 1.17428318e-072 2.97248015e-117 1.13926519e-083
 1.16353910e-097 1.39833193e-097 1.27689399e-086 7.73599771e-089
 2.47115465e-146 3.08607242e-133 2.53231447e-057 1.25692750e-113
 3.61117742e-306 5.19999362e-124 8.03198295e-075 6.89418403e-056
 6.64530531e-074 4.42395432e-067 7.00486238e-111 1.00000000e+000
 1.29659896e-146 9.75851920e-128 6.18265885e-097 1.00000000e+000
 3.24945797e-120 7.46775151e-120 3.37415243e-087 2.41011882e-129
 2.44238555e-053 1.00000000e+000 2.92272568e-069 3.19517680e-258
 1.44263462e-111 5.38521452e-071 5.46029562e-056 0.00000000e+000
 3.49926089e-185 1.65818368e-188 2.07751171e-103 1.00000000e+000
 2.86199197e-257 4.74599979e-076 2.63264662e-088 1.00000000e+000
 1.00000000e+000 2.36821863e-098 3.06825642e-082 5.23319714e-123
 2.03658839e-116 5.76914523e-065 1.00000000e+000 1.00000000e+000
 1.00000000e+000 1.00000000e+000 1.00000000e+000 1.00000000e+000
 2.07520178e-075 7.01699715e-080 1.87436624e-099 1.00000000e+000
 1.85409321e-176 1.49289303e-082 7.08233205e-062 7.80951663e-103
 6.51252215e-079 1.21320152e-143 4.49710507e-274 4.17432536e-121
 6.20691328e-080 1.00000000e+000 1.61389195e-116 4.99310903e-063
 1.82224811e-084 6.01669213e-090 2.07035257e-203 3.80814999e-140
 4.24496676e-062 7.73184976e-082 7.39999166e-085 4.06266703e-026
 1.21680559e-088 5.70401045e-049 2.17936590e-047 1.01423015e-030
 8.43404964e-094 2.12082734e-108 1.07109813e-089 1.49837192e-047
 8.06173748e-059 1.02311835e-047 1.58685319e-092 6.42307264e-082
 3.77544550e-136 8.29244057e-046 9.03040053e-055 1.33970895e-162
 1.00000000e+000 1.31988196e-094 6.59682505e-035 3.32719111e-060
 1.00000000e+000 3.03806767e-123 2.10105222e-116 1.41351527e-077
 6.35427912e-098 1.84620204e-136 1.20322106e-104 1.00000000e+000
 1.03948738e-116 8.31651033e-154 1.27768439e-066 5.58822568e-050
 6.13615155e-065 1.31832270e-081 1.00000000e+000 0.00000000e+000
 1.08782783e-212 1.03038083e-080 2.08221404e-176 4.43228415e-111
 2.03776455e-046 1.57189129e-163 1.39174169e-072 1.00000000e+000
 2.44845602e-081 1.00000000e+000 1.00000000e+000 0.00000000e+000
 3.10902834e-089 2.12346139e-116 6.27799794e-066 1.00000000e+000
 7.46082389e-196 1.00000000e+000 2.74958965e-087 4.78046443e-106
 0.00000000e+000 9.44913937e-110 1.00000000e+000 1.00000000e+000
 2.27536434e-052 1.00000000e+000 8.52133898e-134 1.17466949e-054
 2.97969264e-102 6.04253970e-084 1.24848830e-079 1.42280195e-047
 3.94870340e-148 3.33553240e-066 2.52486710e-139 1.00000000e+000
 3.98962963e-074 2.21067500e-063 1.00000000e+000 4.26651098e-150
 4.40650942e-048 8.45071367e-102 1.00000000e+000 5.61607252e-033
 2.16075589e-093 1.25692750e-113 5.41079077e-138 1.00000000e+000
 8.96698809e-076 1.00000000e+000 8.32967375e-066 6.24299264e-067
 1.00000000e+000 3.20260197e-082 1.93759368e-122 1.68219551e-095
 5.06128472e-137 4.59948486e-100 1.00000000e+000 3.12641170e-124
 5.39300824e-069 1.88980147e-123 1.00000000e+000 6.47056906e-256
 3.90583207e-065 1.00000000e+000 1.46995013e-059 1.00000000e+000
 9.25461902e-172 4.81975589e-119 1.20282462e-027 1.29657103e-089
 9.81830234e-065 1.00000000e+000 2.51227806e-081 1.47300118e-086
 1.00000000e+000 2.64030648e-154 4.67032545e-056 0.00000000e+000
 4.20482965e-108 8.75491729e-105 0.00000000e+000 2.75304850e-074
 2.38855542e-050 1.00000000e+000 2.26983716e-078 1.00000000e+000
 1.00000000e+000 6.47257819e-078 1.48789551e-060 1.52190705e-062
 1.00000000e+000 2.96280313e-181 3.59115138e-094 1.19876465e-076
 1.00000000e+000 2.04913055e-127 1.00000000e+000 4.20792043e-275
 2.24005226e-220 1.00000000e+000 7.01251122e-050 2.04558528e-142
 1.87464295e-054 9.50837947e-280 5.89627798e-101 1.00000000e+000
 5.53964993e-100 1.00000000e+000 8.06851371e-146 1.00000000e+000
 3.31142796e-054 1.00000000e+000 1.25621125e-055 9.51839598e-175
 2.50225599e-178 6.38535654e-096 5.51532067e-085 1.00000000e+000
 2.89845794e-104 1.84715539e-118 1.00000000e+000 6.68130374e-075
 5.44151685e-089 5.97225727e-160 5.91084852e-056 1.08938705e-071
 3.05061509e-094 1.20095160e-093 3.23654744e-124 1.00000000e+000
 1.90367104e-074 1.12306927e-093 1.49452427e-106 1.00000000e+000
 1.42587657e-021 2.02948741e-076 1.00000000e+000 3.04910780e-269
 1.76436377e-121 6.19874974e-169 9.75851920e-128 2.63399012e-126
 3.76889775e-248 9.44279125e-040 1.00000000e+000 2.33240839e-061
 2.49705065e-068 7.57550766e-130 1.00000000e+000 8.50142977e-081
 4.09555013e-072 1.00000000e+000 1.42480776e-112 5.24417660e-083
 7.24202084e-146 5.80487109e-098 1.02499040e-151 7.39488578e-060
 1.62176921e-142 1.16443038e-130 3.31004461e-151 1.00000000e+000
 5.57047845e-054 2.63264662e-088 1.06347717e-087 1.02548204e-168
 9.24218294e-044 1.00000000e+000 1.00000000e+000 1.00000000e+000
 1.00000000e+000 2.61198961e-097 4.50529177e-048 5.27964564e-085
 4.73511310e-124 1.64799306e-052 3.00286357e-078 4.58488874e-088
 2.50997591e-126 8.40662797e-087 5.91986179e-101 1.00000000e+000
 2.18307506e-082 3.07542841e-093 1.00000000e+000 1.00000000e+000
 1.18766009e-243 1.90082855e-150 1.00000000e+000 1.66199805e-101
 1.22005324e-104 2.26436646e-035 6.93351374e-162 5.55126241e-097
 1.00000000e+000 1.00000000e+000 8.62090257e-036 2.11228647e-129
 7.37974529e-060 1.07736778e-150 6.06643684e-085 1.08542355e-064
 1.75030208e-068 4.58469211e-070 0.00000000e+000 1.41714578e-110
 1.00000000e+000 5.61316910e-034 1.17936091e-169 3.96259085e-061
 4.56135179e-104 4.65603021e-080 2.81311425e-099 4.39377022e-068
 1.67448828e-059 1.96874555e-243 6.42118126e-244 1.00000000e+000
 6.69914351e-055 3.35417917e-254 1.00000000e+000 1.00000000e+000
 1.00000000e+000 3.22407420e-091 4.21257668e-076 2.24661522e-086
 5.51236899e-115 1.68113534e-139 3.09781271e-121 3.95028347e-124
 3.57503781e-080 2.81524765e-098 7.09048847e-053 1.00000000e+000
 1.70685383e-147 7.10973590e-085 3.68535976e-074 5.94902846e-106
 1.36925668e-153 1.23559705e-100 1.00000000e+000 1.53853556e-127
 5.78943572e-092 1.58101007e-321 1.00000000e+000 1.00000000e+000
 3.18554689e-035]

iv)Sport:
[5.54722546e-084 7.86360547e-126 1.00000000e+000 6.92649705e-060
 1.75040358e-177 1.00000000e+000 7.08901074e-112 1.00000000e+000
 1.00000000e+000 3.88839856e-089 1.02757324e-090 1.77791111e-110
 1.49623389e-190 3.84441890e-146 5.45788699e-077 1.00000000e+000
 1.91799380e-265 7.25492886e-180 4.44964930e-157 4.89593135e-181
 5.64538286e-144 1.00000000e+000 9.00593066e-094 2.14019677e-122
 7.13560887e-094 1.23041186e-234 1.45932980e-061 3.39614487e-078
 1.06587515e-136 1.00000000e+000 5.62854801e-136 1.00000000e+000
 2.37921428e-089 8.23667642e-100 2.39151681e-118 3.95448512e-173
 3.76145106e-102 5.46537710e-090 1.00000000e+000 7.76256000e-224
 5.31842750e-187 6.53469576e-161 6.46016698e-145 1.00000000e+000
 3.39436597e-174 1.00000000e+000 2.28403516e-181 4.43342829e-131
 3.06185620e-064 1.00000000e+000 1.00000000e+000 5.72586288e-167
 1.00000000e+000 1.14835033e-273 1.00000000e+000 1.00000000e+000
 1.00000000e+000 4.32178593e-123 6.62098919e-099 1.00000000e+000
 3.33530046e-069 1.26361633e-132 1.00421568e-211 6.70106364e-229
 5.98477517e-203 2.63017663e-201 3.35576503e-145 3.77258479e-148
 5.55361253e-148 1.94237771e-126 3.76010266e-152 1.00000000e+000
 6.94626290e-141 1.38915967e-228 6.70100179e-104 7.70553769e-107
 1.00000000e+000 1.00000000e+000 0.00000000e+000 3.31415476e-182
 1.71345194e-115 7.15216623e-102 2.15534937e-144 1.67510997e-083
 4.52403788e-109 1.29742781e-108 1.00000000e+000 9.98744814e-132
 2.79865560e-212 8.87607762e-173 3.83008844e-071 1.97286839e-118
 0.00000000e+000 1.97292159e-125 1.00000000e+000 1.71491919e-066
 1.12179368e-080 1.00000000e+000 1.00000000e+000 1.85930692e-264
 1.00000000e+000 1.52989763e-123 7.13910827e-126 6.42285340e-323
 5.63808155e-198 1.00000000e+000 1.00000000e+000 1.74325049e-223
 2.21473400e-086 2.38168787e-030 1.00000000e+000 7.58982125e-299
 1.35887082e-165 6.53474352e-113 1.00000000e+000 0.00000000e+000
 2.03182839e-227 3.17618422e-226 1.00000000e+000 1.52231694e-060
 1.00000000e+000 1.81117892e-092 1.00000000e+000 1.12500914e-120
 1.89093352e-141 2.92363764e-110 8.68768115e-157 9.71677574e-287
 1.11820873e-125 4.70473398e-051 1.67490864e-156 0.00000000e+000
 1.34517242e-134 1.02506678e-153 3.89190563e-200 1.41393777e-087
 4.11673176e-066 1.00000000e+000 1.00000000e+000 6.10053014e-150
 1.00000000e+000 1.00000000e+000 3.72164681e-066 1.00000000e+000
 2.04002402e-107 4.29483994e-172 3.06320700e-322 1.45021196e-216
 1.45096072e-094 5.67435540e-173 1.82957031e-147 1.07023361e-073
 8.37726268e-082 3.11890717e-129 1.75285257e-202 5.44731595e-275
 1.02965420e-140 1.65440816e-069 3.12253679e-127 1.00000000e+000
 3.77437940e-111 1.78433705e-058 3.63035055e-073 1.00000000e+000
 4.16164900e-139 7.74713150e-173 3.01657446e-127 1.00000000e+000
 8.11896825e-096 1.00000000e+000 6.76455403e-133 9.12728658e-067
 8.12687807e-138 1.01398752e-058 1.11790765e-058 0.00000000e+000
 1.35947246e-174 2.45295188e-084 1.23755096e-120 4.06718942e-089
 5.58592583e-292 2.84841868e-180 2.31039443e-145 1.00000000e+000
 4.37640404e-114 8.87388021e-152 8.65424121e-135 9.95676638e-059
 8.08036811e-149 7.60022358e-200 1.00000000e+000 1.00000000e+000
 3.69950814e-107 1.21340673e-076 3.30097998e-221 1.00000000e+000
 2.44843265e-183 6.22622026e-075 1.17249604e-242 1.20437797e-119
 8.76326147e-084 1.00000000e+000 1.60837598e-100 2.40475281e-198
 3.14075648e-111 5.98092939e-180 2.34594057e-201 1.00000000e+000
 1.86821271e-096 5.35857133e-144 1.00000000e+000 7.09188113e-264
 2.82254451e-299 8.35487741e-096 1.00000000e+000 3.18266829e-128
 0.00000000e+000 1.00000000e+000 1.18414846e-255 5.75009357e-087
 1.87142193e-058 1.13019991e-126 2.00236565e-110 1.00000000e+000
 9.70313376e-094 2.72011500e-108 1.00000000e+000 1.00000000e+000
 4.67938230e-243 4.95708378e-083 1.00000000e+000 2.80216935e-109
 1.76983682e-075 9.18241628e-085 1.20169199e-278 1.59598586e-218
 1.14000051e-119 1.00000000e+000 2.19332598e-150 1.00000000e+000
 5.12183698e-088 1.97286839e-118 1.00000000e+000 3.46690556e-094
 1.01958898e-103 1.52935994e-221 1.22888536e-072 2.60011675e-068
 1.19275047e-200 8.00560534e-180 1.00000000e+000 1.39925165e-128
 1.00000000e+000 6.47169463e-153 9.24693468e-278 1.00000000e+000
 1.00000000e+000 1.00000000e+000 8.47472475e-290 0.00000000e+000
 5.68187068e-077 8.53930894e-215 3.76380522e-116 7.47696196e-204
 4.98219673e-184 9.68020064e-153 4.62056524e-094 1.00000000e+000
 3.69466290e-065 2.58366580e-158 1.00000000e+000 1.00000000e+000
 1.05245767e-105 2.14734898e-139 1.23187529e-095 0.00000000e+000
 5.09762066e-125 3.01769345e-140 0.00000000e+000 2.29179845e-126
 1.00000000e+000 7.73129395e-203 9.87852597e-084 4.59876936e-232
 2.59234899e-105 1.40184709e-089 1.46426828e-068 4.34264084e-079
 6.44587619e-128 4.22982056e-182 2.01825831e-100 2.47189415e-093
 1.01285460e-111 1.00000000e+000 2.26297650e-192 1.00000000e+000
 3.52498759e-253 8.61117227e-098 5.35699959e-072 1.00000000e+000
 1.00000000e+000 0.00000000e+000 5.44079621e-157 1.58884862e-143
 1.71368364e-105 9.37280689e-226 1.00000000e+000 9.46776288e-167
 5.63373026e-074 4.44733208e-183 2.15823346e-054 1.00000000e+000
 3.55158185e-211 1.00000000e+000 2.24964764e-079 1.93050869e-179
 1.78443226e-145 3.44025938e-104 4.40001928e-142 1.00000000e+000
 1.00000000e+000 1.24895850e-241 2.77510868e-102 5.07137347e-093
 2.02303079e-158 4.78224993e-114 4.03910651e-143 1.48923769e-247
 1.00000000e+000 4.06086039e-109 1.00000000e+000 7.98912255e-056
 1.41162470e-047 1.00000000e+000 5.97798682e-115 5.17925311e-317
 7.89627328e-184 5.09791103e-224 1.52989763e-123 8.40067838e-174
 0.00000000e+000 1.00000000e+000 7.34136870e-148 2.34695222e-110
 1.00000000e+000 2.12035734e-129 3.41716645e-194 1.00000000e+000
 2.85187467e-079 3.32964553e-177 1.00000000e+000 1.00601775e-106
 1.00000000e+000 3.75872699e-088 9.07087755e-196 1.00000000e+000
 8.29464843e-204 1.08220849e-106 6.93252990e-191 4.41677440e-201
 1.00000000e+000 1.00000000e+000 2.53914655e-127 1.00000000e+000
 1.25858074e-079 7.12518372e-147 2.21602698e-072 3.06398842e-241
 1.02307126e-115 2.28176611e-107 8.07459916e-060 1.00000000e+000
 1.00000000e+000 1.00000000e+000 4.32061451e-106 1.28698677e-126
 1.84052338e-221 1.00000000e+000 1.82190395e-093 8.62262588e-151
 6.26911904e-171 2.15214260e-159 4.55268653e-093 7.23302011e-200
 0.00000000e+000 2.22768328e-192 4.49998374e-099 1.53747219e-079
 4.75456635e-164 3.34021618e-063 1.00000000e+000 2.63303683e-133
 1.57258168e-156 1.44310605e-234 1.00000000e+000 1.10460812e-281
 1.00000000e+000 1.00000000e+000 4.98662886e-047 1.00000000e+000
 1.00000000e+000 8.94550427e-053 1.00000000e+000 1.69020831e-316
 2.05818786e-199 3.70265897e-047 1.00000000e+000 1.00000000e+000
 1.05985843e-139 1.00000000e+000 1.00000000e+000 6.18154218e-098
 1.00000000e+000 0.00000000e+000 1.00000000e+000 2.35138782e-130
 9.80799204e-070 1.00000000e+000 1.80199843e-216 3.13184056e-151
 4.33106603e-110 9.67581129e-078 1.21538539e-147 1.00000000e+000
 1.89072664e-130 4.37943581e-170 3.50716527e-151 1.00000000e+000
 4.26672987e-085 1.33134323e-121 1.00000000e+000 2.04865881e-145
 0.00000000e+000 9.33464347e-137 5.09938307e-094 5.39258366e-152
 1.00000000e+000 3.60156482e-115 2.28236213e-253 3.00286481e-155
 4.12906218e-143 0.00000000e+000 7.04187715e-119 4.87144388e-093
 6.80958107e-077]

v)Tech:
[1.05474983e-068 1.49355569e-118 3.66028857e-134 2.21732165e-062
 1.00000000e+000 5.66229255e-109 1.00000000e+000 3.08911992e-065
 1.76946305e-220 1.00000000e+000 2.72566111e-085 9.13665401e-084
 3.20238347e-122 9.25319051e-111 1.21172008e-035 2.28768405e-058
 4.41289337e-209 4.09341394e-185 1.27060466e-104 1.00000000e+000
 1.11074187e-126 3.54790633e-131 9.35833188e-086 8.01107023e-086
 4.46748894e-082 1.12900409e-128 2.46742758e-053 1.16693673e-076
 1.00000000e+000 8.14703240e-087 2.13441939e-085 2.34475980e-065
 2.85191093e-059 1.00000000e+000 5.42384320e-102 1.00000000e+000
 3.45814750e-060 1.04803087e-042 1.51549228e-234 1.00000000e+000
 4.10412440e-141 9.29712161e-168 3.37172588e-144 1.88915199e-091
 1.00000000e+000 3.87102387e-141 1.00000000e+000 5.36294613e-101
 1.46171343e-082 4.65299842e-145 3.46417650e-296 2.17014126e-129
 1.10798008e-068 1.56623017e-236 2.24453889e-231 4.96364287e-182
 4.48772726e-048 1.59588011e-089 7.12215881e-074 6.82220314e-201
 3.18989584e-053 5.65549658e-091 1.00000000e+000 1.25769545e-177
 4.47179153e-123 3.60272716e-154 3.58631785e-125 1.27847586e-119
 2.15670740e-136 3.60824204e-083 1.00000000e+000 8.85789950e-070
 4.29067128e-141 1.00000000e+000 1.51356627e-117 2.85669710e-091
 2.78656289e-166 2.00677460e-180 1.00000000e+000 1.00000000e+000
 4.71435427e-050 5.94528416e-058 1.10872935e-121 5.26626903e-100
 1.45668287e-084 1.72187768e-125 2.64758719e-109 2.13689905e-106
 7.02520561e-175 1.00000000e+000 7.03032328e-070 9.45444551e-100
 1.00000000e+000 3.33434293e-132 3.47889094e-100 6.01436148e-060
 2.02487826e-076 2.51494802e-072 4.48922926e-154 3.09480027e-277
 2.22825517e-147 1.18108663e-120 1.00000000e+000 1.25820354e-267
 1.00000000e+000 7.01029260e-143 1.73624436e-115 2.79860369e-152
 6.03627945e-048 7.69337127e-036 7.02267720e-078 1.00000000e+000
 7.18394795e-129 1.00000000e+000 2.26026309e-075 0.00000000e+000
 1.00000000e+000 1.00000000e+000 9.30183536e-092 1.11599304e-039
 1.22073807e-263 3.66679761e-077 2.63088462e-088 4.57901620e-121
 3.90692511e-164 8.62248878e-098 6.09972686e-122 1.81292318e-196
 1.00000000e+000 2.28233582e-064 3.30150743e-161 0.00000000e+000
 7.17500306e-096 5.93251816e-140 1.90765923e-135 3.54596443e-094
 1.12964357e-087 1.62146375e-088 1.36795559e-126 1.09002603e-127
 1.28787199e-188 1.10006641e-096 2.75698564e-062 2.73603465e-113
 6.61500989e-087 4.31646110e-138 1.00000000e+000 3.04658989e-154
 2.89503945e-070 1.34373865e-187 1.00000000e+000 1.53390405e-065
 5.14869169e-073 4.03168571e-110 7.89240360e-244 3.09686041e-176
 5.09006078e-049 9.99524313e-070 1.72028890e-087 8.51424368e-045
 3.21776845e-082 5.94061590e-072 1.98228513e-054 1.26300317e-030
 1.01865102e-123 1.41336110e-033 2.33168020e-068 6.98241075e-062
 7.17754596e-120 1.37816198e-048 4.19406281e-064 5.68906764e-082
 9.27433144e-129 4.25180733e-049 7.85276361e-050 1.55437818e-189
 3.78883150e-183 6.04665806e-086 8.24370863e-105 8.68612581e-058
 9.24133662e-207 1.00000000e+000 1.00000000e+000 2.08776672e-098
 6.13390188e-079 6.51500167e-124 1.30992948e-091 1.13117100e-053
 1.00000000e+000 1.00000000e+000 8.40301160e-088 2.42872098e-057
 1.09950619e-098 1.66994781e-090 7.01428695e-208 0.00000000e+000
 1.00000000e+000 1.00000000e+000 1.00000000e+000 1.00000000e+000
 1.76654954e-089 5.39932211e-185 1.42406062e-063 8.38573361e-159
 9.55743889e-114 6.15539604e-126 6.31223629e-178 0.00000000e+000
 7.72682250e-050 8.29952924e-121 4.39697796e-077 4.12469736e-181
 1.00000000e+000 8.12920828e-101 1.00788107e-099 3.04389631e-107
 1.00000000e+000 1.08190388e-111 2.00264407e-229 4.79253629e-073
 3.74662438e-046 1.88723784e-140 1.00000000e+000 1.63755154e-055
 2.46970419e-104 1.40238613e-070 7.61090127e-065 2.22606122e-060
 1.00000000e+000 3.75770346e-044 1.46226915e-147 1.12537992e-100
 2.05650991e-039 8.00086562e-052 2.35222531e-199 1.00000000e+000
 5.67812148e-077 3.69358516e-119 5.22757456e-124 6.68137841e-043
 1.86854765e-075 9.45444551e-100 6.36239012e-147 1.84084266e-084
 2.66532387e-079 8.34735468e-203 2.47090871e-055 1.49850246e-069
 2.81119366e-207 1.49535261e-103 6.73069319e-134 1.00000000e+000
 3.34744252e-152 2.07421400e-105 6.67536974e-199 3.56556956e-133
 2.75848221e-066 4.18164238e-130 5.91248110e-265 7.57023021e-211
 8.83371899e-068 9.40604275e-140 4.22612584e-113 5.66719743e-171
 1.84866262e-188 1.44025290e-109 1.00000000e+000 3.69142064e-093
 8.26769332e-052 1.23523906e-112 9.31399125e-079 2.13568323e-095
 6.44813288e-093 4.82259938e-136 2.97891869e-060 1.00000000e+000
 9.90526140e-081 2.83248306e-100 1.00000000e+000 1.09191889e-079
 3.03290908e-068 5.16684523e-149 3.89383079e-077 1.65230732e-181
 1.02700290e-104 8.01400479e-093 1.98084492e-036 3.00075590e-074
 8.47139462e-127 2.00182285e-207 1.00000000e+000 7.80735219e-089
 4.15829748e-072 7.34782344e-144 1.24940788e-181 0.00000000e+000
 1.00000000e+000 2.03045314e-043 1.06845923e-061 1.22326027e-146
 5.69617207e-065 1.00000000e+000 1.26196833e-111 1.69937267e-122
 3.45942578e-138 4.43639304e-231 6.29037045e-161 2.33497328e-157
 8.81481216e-022 1.77101250e-147 4.88987428e-041 3.17995381e-185
 1.00000000e+000 1.91405436e-083 1.91542750e-084 2.41423999e-167
 1.00000000e+000 1.00000000e+000 9.11449383e-150 4.19051851e-086
 4.96987701e-087 1.00000000e+000 4.45531381e-063 2.64817609e-052
 1.00000000e+000 4.54644987e-097 1.00000000e+000 2.78966989e-226
 1.87434332e-098 1.74392990e-075 1.86371140e-149 1.39314253e-052
 2.71314779e-023 1.09100975e-086 3.97488155e-082 1.00000000e+000
 1.00000000e+000 1.00000000e+000 1.18108663e-120 3.58562481e-139
 1.00000000e+000 1.94302206e-049 9.90520284e-145 4.53086838e-077
 2.76717236e-082 1.03404540e-112 1.07837003e-176 1.42077076e-084
 5.30536713e-073 2.00383887e-179 6.20595367e-126 9.08439005e-078
 8.58906305e-164 1.11000083e-110 3.33183962e-130 1.11790587e-059
 1.38616400e-162 5.41356327e-127 1.00000000e+000 2.74178785e-204
 3.66721163e-059 2.63088462e-088 2.20811712e-084 6.60641386e-174
 1.00000000e+000 6.69854291e-174 6.03379086e-056 2.26352008e-255
 2.58848522e-114 2.76917827e-100 4.13890276e-048 3.49608364e-096
 6.43594430e-148 1.11412636e-060 2.29345071e-059 1.00000000e+000
 1.00000000e+000 2.01610248e-096 1.00000000e+000 3.31432558e-163
 1.00221753e-118 2.15805112e-144 5.11427152e-080 5.59030467e-211
 1.00000000e+000 1.00000000e+000 5.44860003e-079 1.00000000e+000
 6.37802426e-119 3.85117224e-070 4.36544320e-177 5.21528191e-108
 7.90893900e-129 1.17083292e-243 5.50406866e-063 1.05195985e-164
 3.98513853e-080 1.63444237e-158 3.02881200e-077 2.42707960e-073
 3.01436912e-069 2.80029793e-050 0.00000000e+000 1.97097670e-226
 1.14288160e-138 3.07610699e-065 1.31299950e-164 3.54939358e-068
 1.00000000e+000 3.50480726e-093 7.59650451e-092 1.00000000e+000
 1.00833418e-061 1.00000000e+000 2.42691732e-270 1.04555184e-119
 1.38096947e-082 2.24061706e-296 5.49237543e-225 1.91349960e-168
 2.47725723e-122 3.70317419e-092 1.00990335e-102 6.40027991e-069
 1.00000000e+000 1.00000000e+000 3.34643589e-121 3.91895472e-137
 7.70017236e-074 1.00000000e+000 5.16212541e-055 1.16443745e-096
 2.35740483e-248 1.54908898e-106 7.72047972e-082 1.00000000e+000
 1.01962356e-154 1.39348019e-086 6.32042964e-208 1.15165780e-075
 4.49408033e-109 1.00000000e+000 3.84176686e-090 2.12744770e-084
 3.89900022e-063]


f)Vocabulary size:
274

g)Number of tokens of each class:

i)Business word tokens:

  (0, 0)	1

ii)Entertainment word tokens:

  (0, 0)	132

iii)Politics word tokens:

  (0, 0)	1

iv)Sport word tokens:

0

v)Tech word tokens:

  (0, 0)	4


h)Number of word-tokens in the whole corpus
674

i)Number of word counts of frequency 0 in each class

i)Business:

Number of word counts of frequency 0 in Business class
444
Percentage of word counts of frequency 0 in Business class
0.9977528089887641

ii)Entertainment:

Number of word counts of frequency 0 in Entertainment class
356
Percentage of word counts of frequency 0 in Entertainment class
0.8

iii)Politics:

Number of word counts of frequency 0 in Politics class
444
Percentage of word counts of frequency 0 in Politics class
0.9977528089887641

iv)Sports:

Number of word counts of frequency 0 in Sports class
445
Percentage of word counts of frequency 0 in Sports class
1.0

v)Tech:

Number of word counts of frequency 0 in Entertainment class
441
Percentage of word counts of frequency 0 in Entertainment class
0.9910112359550561

j)
Number of word counts of frequency 1 in the whole corpus
110

Percentage of word counts of frequency 1 in the whole corpus
0.24719101123595505

k)Favorite words count and frequency

i)Favorite word count in dataset:
162014


*---------------------------------------------------------------------------------*
MultinomialNB default values, try 2

b)Confusion matrix
[[102   0   0   0   0]
 [  0  68   0   0   0]
 [  0   0  84   0   0]
 [  0   0   0 103   0]
 [  0   0   0   0  88]]

c)Precision, recall, and F1-measure

               precision    recall  f1-score   support

     business       1.00      1.00      1.00       102
entertainment       1.00      1.00      1.00        68
     politics       1.00      1.00      1.00        84
        sport       1.00      1.00      1.00       103
         tech       1.00      1.00      1.00        88

     accuracy                           1.00       445
    macro avg       1.00      1.00      1.00       445
 weighted avg       1.00      1.00      1.00       445

d)

Accuracy
1.0
Macro average F1
1.0
Weighted average F1
1.0

e)Prior probablity of each class:

i)Business:
[1.00000000e+000 1.66393523e-106 2.58432840e-138 2.15315970e-239
 3.41937932e-129 4.24526343e-207 1.00000000e+000 1.38323237e-162
 5.79173849e-274 4.34149222e-052 2.51791476e-095 7.80549167e-090
 5.34919458e-144 1.26221550e-119 1.35561600e-132 1.47809893e-130
 1.00000000e+000 1.00000000e+000 1.15553794e-092 2.19259667e-204
 1.57032253e-109 1.29855844e-124 4.50001968e-091 1.00000000e+000
 2.45504687e-230 3.24057642e-148 8.28089951e-201 2.41921935e-055
 1.57007447e-066 6.18338012e-063 8.33751634e-163 1.77666186e-115
 3.41290984e-142 6.58168923e-132 2.27270917e-076 1.00000000e+000
 5.18655172e-133 5.77853011e-155 6.08772605e-025 2.77842600e-039
 9.51896059e-108 2.19302580e-100 4.11698182e-187 1.00000000e+000
 5.40527517e-111 6.58467755e-123 3.59544555e-107 9.55655544e-106
 1.26867770e-133 1.62073604e-052 4.14468989e-064 1.00000000e+000
 5.38742895e-168 2.91349332e-120 1.00000000e+000 3.44047286e-063
 6.47019895e-079 7.89972871e-073 6.54116624e-225 3.38303904e-046
 3.61722476e-066 7.01480594e-041 1.90887820e-175 1.33110595e-245
 4.78894694e-147 1.04782074e-083 1.00000000e+000 1.00000000e+000
 1.00000000e+000 6.74162525e-046 1.00000000e+000 5.82525113e-201
 3.73338331e-048 9.66328049e-195 0.00000000e+000 5.13732867e-138
 4.21564533e-209 1.00000000e+000 2.69539057e-203 1.00000000e+000
 9.87672338e-121 1.00000000e+000 1.81345649e-096 7.12954597e-101
 1.00000000e+000 1.31290081e-061 1.15562686e-149 2.67426353e-080
 1.72265458e-063 1.11120246e-073 0.00000000e+000 1.12815491e-187
 1.38435173e-113 8.86495785e-171 1.99966004e-157 1.42209993e-094
 1.00000000e+000 1.00000000e+000 5.37542578e-254 4.26006857e-104
 4.47401495e-148 1.00000000e+000 5.32712593e-147 4.58096416e-111
 1.00000000e+000 7.31527257e-068 1.00000000e+000 6.17165072e-059
 2.60095526e-063 1.00000000e+000 1.24935277e-134 1.47254428e-236
 3.20474985e-146 1.00000000e+000 1.00000000e+000 1.11389175e-062
 1.72470740e-060 9.03961843e-071 8.06192468e-177 5.49267125e-100
 3.13340336e-091 9.99999997e-001 1.66296818e-153 1.02961452e-073
 1.00000000e+000 5.23041986e-077 1.11362338e-099 1.13725741e-156
 3.16037949e-105 2.03102115e-106 0.00000000e+000 5.20948469e-118
 1.00000000e+000 3.91895305e-093 4.03613172e-097 1.66713262e-175
 3.30392269e-119 1.18924118e-217 1.03043536e-117 2.95922434e-169
 1.00000000e+000 4.78893334e-112 2.45846516e-108 7.19364373e-088
 2.64962329e-290 7.96534466e-058 3.33791425e-206 1.55632813e-078
 2.16911838e-146 1.87184285e-196 3.05213975e-234 7.69966395e-089
 1.00000000e+000 4.83978887e-148 3.52779449e-258 1.00000000e+000
 6.46259744e-087 1.80798684e-070 1.00000000e+000 2.46434200e-090
 2.42275475e-154 1.00000000e+000 5.37628205e-088 7.07766715e-174
 6.18705020e-086 1.00000000e+000 5.15483361e-093 4.25820199e-081
 1.49214488e-282 1.07197790e-108 1.00000000e+000 1.16193212e-127
 1.00000000e+000 5.90402482e-119 4.81736131e-132 1.05931055e-117
 3.05481906e-080 1.00000000e+000 1.24496474e-256 1.00000000e+000
 1.72398651e-179 1.00000000e+000 3.72287538e-104 2.79835494e-063
 1.00000000e+000 6.99739258e-060 3.27389854e-155 1.00000000e+000
 1.00000000e+000 8.70860026e-085 7.25377310e-080 4.95722501e-044
 7.82993325e-121 3.67145078e-173 3.58983764e-147 1.02852746e-082
 1.27575743e-125 9.83186200e-157 4.99858419e-107 1.08106831e-192
 1.79073244e-202 3.28266885e-184 3.09118037e-239 1.53770919e-185
 9.75248531e-059 1.00000000e+000 3.04316129e-125 0.00000000e+000
 1.10321788e-163 1.38729731e-168 1.58809267e-214 1.46235667e-136
 7.03950399e-155 4.63813114e-085 1.00000000e+000 3.15132055e-122
 5.42073438e-128 1.00000000e+000 1.80519245e-071 7.46406184e-051
 2.08858329e-100 1.00000000e+000 2.58207912e-078 0.00000000e+000
 1.34572189e-044 1.00000000e+000 7.37024365e-057 8.09527564e-155
 6.02352214e-098 1.59014065e-064 5.17662273e-059 2.69978353e-088
 1.10249759e-083 1.00000000e+000 5.12469571e-282 2.35071123e-112
 1.00000000e+000 3.61341435e-230 4.44661743e-176 1.77916574e-122
 9.08957208e-096 2.52431584e-055 1.00000000e+000 1.09730563e-170
 9.15349015e-107 1.41234369e-200 1.00000000e+000 1.00000000e+000
 1.00000000e+000 4.66661621e-146 3.78085635e-061 1.00000000e+000
 1.00000000e+000 9.60596264e-114 2.00346269e-253 1.00000000e+000
 1.00000000e+000 3.71870414e-087 3.08765594e-096 1.26744963e-084
 6.33487166e-107 1.22499875e-042 2.33787700e-091 5.20361477e-038
 2.11430204e-092 1.84601453e-045 1.82672368e-087 6.64080767e-241
 1.42631829e-109 4.80348065e-275 1.00000000e+000 3.10381014e-115
 2.78020551e-129 2.01332517e-154 8.24917625e-150 5.80998516e-155
 1.00000000e+000 7.55497049e-128 1.00000000e+000 6.15713064e-064
 7.14757661e-255 3.53049292e-035 8.90958972e-056 1.00000000e+000
 4.39764737e-108 7.49855887e-265 4.42095564e-127 1.75392110e-121
 3.09576079e-141 1.00000000e+000 1.00000000e+000 8.87700163e-106
 1.00000000e+000 1.28907169e-046 7.67437285e-268 0.00000000e+000
 4.38601051e-066 1.00000000e+000 1.09509246e-266 1.48252999e-143
 1.00000000e+000 1.00000000e+000 7.31976530e-137 2.19816217e-094
 6.20618395e-085 5.69847373e-176 7.31510626e-098 1.00000000e+000
 1.21515736e-111 2.24258052e-161 1.65512871e-086 3.46430664e-049
 7.97975850e-087 1.00000000e+000 1.21484882e-050 3.09834898e-123
 9.35309364e-184 5.95789550e-052 2.99869170e-024 5.09478255e-234
 1.35654217e-134 1.00000000e+000 4.35817805e-094 1.00000000e+000
 2.60554051e-162 2.20171088e-094 3.12263865e-213 4.24526343e-207
 8.81719132e-127 4.16820579e-154 6.81893914e-119 1.11894100e-175
 3.03330233e-257 1.00000000e+000 1.00000000e+000 1.00000000e+000
 4.40969179e-209 7.14995422e-103 3.36207954e-158 1.11830645e-179
 8.49121205e-093 5.79085858e-291 1.00000000e+000 4.25752555e-073
 4.73747997e-123 1.00000000e+000 1.12730318e-041 6.79580436e-096
 5.73010714e-168 2.19103192e-124 6.75869086e-147 1.00000000e+000
 1.42704941e-176 1.00000000e+000 2.96936830e-059 1.02679686e-140
 7.42289422e-072 9.99999196e-001 8.07986576e-108 1.00000000e+000
 1.03877851e-094 1.07143811e-113 2.91002934e-126 6.56492322e-106
 1.00000000e+000 1.00000000e+000 1.00000000e+000 1.00000000e+000
 3.15644409e-148 5.01726923e-134 8.14637971e-125 1.00000000e+000
 1.46243993e-138 8.05304697e-197 7.84198312e-181 6.28431669e-049
 1.42339499e-075 1.89010005e-097 1.26632474e-090 3.42637620e-106
 1.00000000e+000 2.35071123e-112 6.36758275e-078 9.80664131e-148
 1.00000000e+000 1.00000000e+000 1.02247123e-064 1.74671164e-114
 1.00000000e+000 4.29894039e-107 1.73596930e-131 6.72444069e-079
 3.33251588e-170 0.00000000e+000 1.61484246e-108 1.00000000e+000
 1.22702367e-072 1.00000000e+000 1.26227793e-099 2.31904403e-161
 5.03626669e-067 2.22355223e-131 1.00000000e+000 5.64751318e-160
 1.25380471e-058 2.36554488e-189 1.95831469e-050 2.00995371e-190
 1.57011910e-067 1.00000000e+000 5.42694945e-102 2.23119762e-297
 4.04423253e-206 1.00000000e+000 9.66313731e-110 1.00000000e+000
 3.88279302e-138 2.55599812e-094 4.48041198e-129 1.00000000e+000
 1.00000000e+000 7.65953452e-170 3.41072806e-285 1.00000000e+000
 2.59679406e-106 7.15126969e-195 1.00000000e+000 3.26249487e-144
 2.23157050e-083 3.09217447e-176 6.33655797e-124 4.49493875e-102
 9.80664131e-148 3.02999673e-178 1.00000000e+000 6.91454382e-075
 5.12937255e-114 2.42900274e-204 1.00000000e+000 1.78672496e-081
 4.33886280e-033 3.65269781e-092 2.46422112e-092 0.00000000e+000
 1.00000000e+000]

ii)Entertainment:
[1.13698845e-083 1.00000000e+000 6.12262135e-180 4.13485065e-229
 7.59465562e-132 1.04331888e-217 7.44413407e-080 4.37397512e-149
 1.62852227e-293 1.00000000e+000 1.00000000e+000 1.00000000e+000
 1.00000000e+000 2.13017158e-163 1.62174445e-174 8.35702567e-196
 3.70555091e-095 3.53822658e-128 1.33230333e-086 1.95159518e-249
 1.59931453e-107 6.47374216e-227 6.92440739e-098 2.73538717e-150
 9.43264169e-279 2.14348470e-172 7.84128102e-296 5.81096872e-056
 1.86327253e-079 2.76283459e-113 1.19649235e-227 2.64448541e-126
 4.76450614e-150 8.71209014e-147 1.00000000e+000 1.60541344e-115
 8.78695769e-128 1.53466661e-183 1.00000000e+000 4.23495215e-042
 2.21749979e-167 1.00000000e+000 1.49771919e-186 8.84565688e-128
 2.05646223e-097 1.57057144e-183 1.86458770e-091 3.03766577e-084
 8.94729879e-180 1.00000000e+000 1.00000000e+000 8.60137432e-101
 1.00000000e+000 9.09206868e-136 4.43317028e-084 1.00000000e+000
 2.39131913e-062 7.40457927e-154 1.00000000e+000 2.82160909e-079
 1.00000000e+000 3.50776438e-089 1.33008609e-208 6.76612648e-206
 1.33824652e-186 8.46687811e-112 1.60871706e-155 1.33044765e-290
 6.43813035e-117 1.00000000e+000 7.72256116e-119 3.71339708e-182
 5.38474024e-035 5.48929324e-226 0.00000000e+000 5.21138654e-097
 7.03633314e-255 2.00375165e-135 8.65165482e-171 1.90170226e-109
 7.80232252e-126 3.52768775e-108 1.55425858e-099 1.00000000e+000
 2.30872583e-154 1.00000000e+000 1.54708435e-218 5.49493883e-105
 8.92929345e-061 3.78312712e-072 1.00000000e+000 3.69879085e-245
 6.32188735e-081 3.75316300e-247 1.81341199e-136 2.47140614e-066
 1.68534847e-133 5.04021898e-196 2.71684769e-217 3.73769797e-147
 3.87453457e-164 6.17510910e-093 1.00000000e+000 2.37675370e-137
 2.15723339e-095 1.00000000e+000 4.68330413e-163 4.90897654e-069
 4.29680636e-079 9.71948924e-070 1.00694045e-143 1.47658038e-200
 1.85417903e-204 7.74641548e-056 6.11306340e-089 2.71279707e-071
 1.76413419e-049 3.60296705e-073 4.35897435e-150 5.63413089e-077
 3.02400485e-073 8.98763907e-088 1.00000000e+000 9.62246605e-074
 1.83764555e-076 5.18780384e-118 1.11709316e-100 2.22624939e-199
 1.63034642e-096 1.00000000e+000 0.00000000e+000 1.00000000e+000
 5.42834606e-087 1.00000000e+000 1.99170355e-078 5.78675499e-200
 1.00000000e+000 3.73852632e-254 1.42824755e-151 1.86152747e-189
 7.85644984e-182 7.61973714e-230 1.00000000e+000 3.43049677e-069
 0.00000000e+000 1.00000000e+000 4.54640306e-236 1.34116757e-078
 7.81028507e-197 1.00000000e+000 1.17058471e-295 2.01536806e-128
 1.65412315e-070 2.42041540e-123 2.46799150e-190 2.09842208e-120
 1.00000000e+000 1.00000000e+000 9.10302833e-075 1.69561130e-129
 1.00000000e+000 5.18759554e-226 1.20473454e-108 1.12251788e-196
 8.71118692e-118 1.23709297e-248 1.17014291e-119 1.00000000e+000
 3.64196263e-304 3.16491997e-172 3.95189616e-285 1.06320397e-150
 1.62248304e-097 2.28294990e-194 8.86694430e-177 2.61829163e-189
 3.71643292e-068 0.00000000e+000 4.00983346e-269 5.20542973e-117
 2.48878971e-143 8.93659572e-146 7.75448357e-084 9.11768955e-137
 1.00223602e-137 3.13448698e-064 1.48590141e-197 4.11134465e-093
 5.00687884e-168 1.00000000e+000 1.00000000e+000 4.06155267e-040
 2.24140344e-152 3.00652805e-254 4.93512494e-136 1.00000000e+000
 1.96086378e-167 7.84738231e-153 1.00000000e+000 5.06567554e-171
 1.93226866e-173 1.00000000e+000 2.06329060e-285 3.01928290e-169
 7.83478933e-047 1.88097292e-206 4.30404482e-178 0.00000000e+000
 1.00000000e+000 5.90725506e-242 2.95829436e-174 3.93720809e-130
 1.44691250e-244 1.45178981e-123 1.08535913e-130 1.00000000e+000
 8.28513920e-194 3.58271620e-107 9.55543743e-060 2.07590120e-046
 5.49489397e-130 2.89909453e-093 2.26958750e-099 7.14672304e-253
 8.59779794e-049 3.88694963e-145 1.00000000e+000 3.50006440e-196
 1.00000000e+000 2.53387286e-065 1.09701098e-118 2.50307908e-110
 1.00000000e+000 6.60226906e-160 0.00000000e+000 3.99168165e-153
 5.48585977e-170 3.59203477e-212 2.36523277e-177 4.65268413e-168
 7.41003923e-077 1.08070719e-056 5.32817457e-128 9.69699471e-256
 1.97901323e-102 7.77185851e-224 8.21289708e-065 3.34657636e-215
 1.02361319e-126 2.14548666e-208 2.48306037e-062 6.94458733e-151
 1.52032609e-143 1.22160230e-149 4.00083994e-192 2.96530520e-121
 9.48279595e-174 1.09235324e-072 7.10240534e-081 1.00000000e+000
 1.38861156e-085 1.91474514e-046 1.00000000e+000 1.00000000e+000
 1.00000000e+000 1.00568417e-070 1.45776507e-075 1.99944757e-277
 2.53008827e-099 8.65525796e-235 7.09467356e-190 1.79993910e-081
 1.00186038e-104 5.86218618e-142 1.06596990e-157 2.87335482e-215
 1.86620396e-281 1.53807913e-144 5.48965524e-098 9.96703818e-060
 1.00000000e+000 2.41575079e-042 4.79474297e-050 3.67280318e-162
 4.17598122e-138 8.63481221e-268 1.94274571e-121 1.00000000e+000
 1.60717701e-217 3.02019625e-087 4.02538671e-105 2.82873755e-174
 5.07864032e-142 9.36549948e-138 3.61259929e-249 4.88585804e-258
 1.51715501e-060 1.26013683e-235 9.98282541e-283 1.36289107e-210
 4.26014240e-137 8.96038843e-108 1.51249761e-177 4.11114436e-121
 1.00000000e+000 3.72489912e-152 1.95771945e-098 3.30196415e-098
 2.09070044e-167 2.92967324e-206 1.00000000e+000 6.58854275e-058
 2.99519097e-139 1.55552307e-069 2.84128245e-078 1.00000000e+000
 1.00000000e+000 2.52272120e-042 1.09405953e-037 1.00000000e+000
 1.00000000e+000 1.25001334e-077 4.05231975e-108 7.50086203e-221
 6.11036830e-212 7.80612994e-091 1.00193559e-248 1.04331888e-217
 2.38209381e-155 3.74860523e-129 3.39793711e-138 1.34651920e-112
 7.91766897e-241 2.88176326e-223 2.79270239e-200 6.78961618e-109
 6.42974755e-263 1.26549853e-166 3.73637624e-155 1.08057786e-277
 1.00000000e+000 2.21998004e-291 1.24315346e-128 6.83580867e-121
 1.44468465e-140 2.04831119e-135 3.42160670e-051 3.73996241e-085
 2.34958235e-201 6.15325037e-103 1.00000000e+000 1.24408773e-070
 8.65281293e-184 6.43312274e-132 1.13641025e-076 1.00000000e+000
 8.24269095e-082 9.26879935e-068 1.17212073e-133 3.84552918e-173
 1.45155188e-147 3.02927286e-099 1.60610813e-106 1.00000000e+000
 7.08769265e-230 1.44317260e-067 1.49981071e-111 4.74878062e-083
 1.16403119e-136 1.98698879e-124 1.29200777e-097 1.37866049e-103
 1.00000000e+000 5.66912379e-214 1.21140081e-171 1.40111383e-080
 1.00000000e+000 4.60616045e-080 3.13594541e-071 1.00000000e+000
 4.88794636e-124 3.99168165e-153 1.00000000e+000 6.44628758e-165
 1.33870699e-154 8.07889971e-215 3.65096033e-097 1.05146553e-119
 6.44112101e-219 2.58096742e-112 1.30436336e-132 5.45074933e-149
 3.35946214e-122 1.00000000e+000 7.92515249e-168 1.85033558e-113
 7.00921078e-085 1.90090402e-160 1.00000000e+000 4.84706335e-183
 2.45014629e-043 3.17559303e-218 9.96160861e-170 1.01930497e-133
 5.44336259e-076 3.19702320e-177 1.00000000e+000 1.00000000e+000
 3.28443029e-132 2.62889940e-131 3.81287791e-199 2.11918776e-259
 5.33615291e-173 2.66068974e-113 1.00000000e+000 7.66851088e-095
 1.51268525e-167 7.12969734e-082 1.84696923e-106 3.54736054e-101
 6.80512294e-223 3.20886459e-184 0.00000000e+000 5.72866919e-186
 4.08895939e-169 1.94234531e-251 2.67533288e-159 1.08438730e-102
 1.20337466e-098 7.95301040e-188 3.28622691e-159 2.47144348e-109
 6.44628758e-165 9.68912660e-178 3.66132609e-098 1.00000000e+000
 2.25177034e-099 9.93760930e-172 3.34478732e-102 3.56833238e-102
 3.84980094e-060 1.78740013e-084 1.27123816e-085 0.00000000e+000
 4.59752178e-166]

iii)Politics:
[1.06092072e-068 1.51720177e-098 5.52772157e-105 1.00000000e+000
 1.00000000e+000 1.23438943e-177 5.92003378e-078 3.16814014e-094
 1.09383546e-281 5.64552882e-047 3.73290981e-090 6.28554839e-089
 5.71919183e-125 1.00000000e+000 1.04626255e-143 3.32147389e-110
 5.52858336e-108 1.55440436e-115 3.80534069e-073 8.09412722e-236
 1.97421700e-080 1.00000000e+000 6.38399036e-067 6.57583399e-136
 1.94991189e-232 1.00000000e+000 5.16500580e-210 6.46109211e-059
 1.00000000e+000 1.00000000e+000 1.00000000e+000 1.94564831e-094
 1.00000000e+000 1.73313495e-137 2.76530899e-073 5.87329778e-053
 1.45247725e-139 1.00000000e+000 2.37407025e-059 2.27361335e-040
 6.70422247e-098 8.30104514e-095 4.79664663e-124 2.22190746e-081
 6.05075910e-090 1.00000000e+000 5.96151922e-088 5.65548376e-067
 1.00000000e+000 1.62756447e-038 9.19142625e-049 1.21106719e-088
 9.60689783e-156 3.26056647e-118 2.69701757e-076 1.24719190e-058
 5.04022127e-059 6.67330996e-103 1.44291501e-213 5.44229615e-055
 1.54211377e-063 1.00000000e+000 1.00000000e+000 3.99970892e-216
 5.03090359e-157 1.00000000e+000 9.67883923e-122 5.57533699e-126
 1.15784307e-103 1.85974324e-085 1.16576467e-089 1.00000000e+000
 5.69094666e-054 4.28069434e-216 1.00000000e+000 1.17219946e-129
 1.00000000e+000 2.47274029e-117 7.94835353e-154 7.53762652e-090
 1.31433562e-113 8.84818543e-088 1.95396797e-092 3.17379488e-069
 2.76560823e-128 2.11797875e-054 1.00000000e+000 1.00000000e+000
 7.14035233e-054 8.43545624e-053 0.00000000e+000 1.00000000e+000
 6.11460455e-085 1.46281804e-093 5.65796119e-108 7.48176479e-096
 4.79426067e-088 2.41416648e-123 4.69961993e-193 1.00000000e+000
 1.00000000e+000 3.47274271e-069 3.52093052e-140 3.04981420e-125
 1.86150611e-097 3.59392920e-057 6.42539604e-122 1.00000000e+000
 3.96462970e-066 4.88225863e-061 4.20261246e-124 7.18888507e-225
 4.56587413e-149 2.05955493e-028 8.46902239e-082 1.00000000e+000
 4.68580613e-049 3.27999599e-059 1.33511325e-164 8.93397130e-094
 2.68882885e-069 1.57560181e-070 1.64429144e-118 1.26724886e-076
 1.11799924e-060 7.19685639e-087 7.52460860e-081 1.00000000e+000
 8.23315077e-094 1.47041919e-092 3.70791483e-272 2.32301006e-126
 3.19008520e-033 9.51344938e-099 5.92716110e-071 4.32810843e-169
 1.07277028e-069 2.72510190e-249 1.00000000e+000 1.00000000e+000
 7.86779551e-091 1.00000000e+000 2.36661156e-100 4.05299960e-082
 6.11919519e-291 1.01525377e-056 1.00000000e+000 1.08157441e-042
 1.00000000e+000 4.58749650e-126 5.91611704e-227 1.00000000e+000
 2.62331873e-058 5.42678627e-096 4.95814705e-170 2.58739502e-095
 8.36434394e-075 1.85676220e-057 1.84271894e-045 3.85821170e-023
 3.04146668e-103 3.58769971e-196 1.00000000e+000 2.69969524e-150
 6.39561177e-086 2.00517043e-114 1.00000000e+000 1.89158139e-076
 1.31684952e-282 1.36690964e-117 1.70504314e-177 6.03846022e-129
 7.76791263e-038 4.48725131e-121 1.00000000e+000 1.00000000e+000
 5.41866683e-054 2.50450953e-274 2.88449846e-223 3.06675564e-071
 9.94586123e-162 6.73164167e-088 4.01001407e-089 1.00000000e+000
 7.41717097e-120 1.00000000e+000 5.90915484e-160 4.82261105e-095
 3.70434133e-167 1.23800564e-076 8.61311301e-091 1.40064488e-049
 1.00000000e+000 1.87070890e-178 1.00000000e+000 1.68719271e-078
 1.00000000e+000 1.14878733e-160 1.62971344e-089 2.39277814e-176
 4.34281734e-170 6.64461794e-160 1.00000000e+000 4.46600358e-154
 8.75652605e-050 1.10424553e-204 1.00000000e+000 6.67713085e-259
 1.88653502e-157 1.66154109e-137 1.00000000e+000 3.61090970e-103
 1.00000000e+000 4.70214058e-082 1.62666885e-100 3.05274092e-123
 1.00000000e+000 1.74642160e-095 3.50701400e-069 1.74350331e-041
 1.00000000e+000 2.41914057e-058 1.00000000e+000 0.00000000e+000
 1.65419417e-037 6.08895786e-104 2.34328686e-039 4.05300970e-167
 1.01724618e-088 3.88066635e-051 4.51790410e-055 1.00000000e+000
 9.37482288e-081 1.73255492e-136 4.79867506e-247 7.16403625e-121
 9.93718500e-136 1.96838789e-216 1.00000000e+000 6.18407704e-141
 4.52069974e-080 1.56072387e-046 1.25674899e-116 1.00000000e+000
 1.39622262e-120 1.00000000e+000 4.50352512e-072 3.65182424e-154
 5.35880282e-108 1.00000000e+000 2.16234758e-076 8.05217502e-114
 8.38304410e-098 4.54105136e-129 1.13710177e-202 4.25639146e-083
 3.22325729e-109 9.84493173e-069 2.06736087e-074 4.33220717e-072
 2.27220690e-083 3.79608603e-050 6.36013613e-091 5.78141745e-042
 1.24040608e-074 2.79788614e-056 4.93562556e-068 8.28122900e-188
 1.85110672e-106 3.55432260e-238 4.02788557e-159 4.98431697e-103
 3.17967185e-097 1.16662304e-127 4.38730930e-130 6.46034562e-167
 4.71214182e-193 1.91794101e-097 3.83651510e-087 5.91246138e-053
 3.68110629e-167 1.00000000e+000 1.84143837e-053 1.28984968e-118
 1.47467390e-110 1.00000000e+000 4.40528665e-097 1.08189687e-089
 1.00000000e+000 1.99524579e-067 4.78705212e-083 1.00000000e+000
 2.45552038e-055 8.72103208e-099 2.03161647e-202 1.82536635e-283
 8.40128423e-056 9.69366154e-201 3.04174564e-261 1.00000000e+000
 7.21101097e-122 1.21266052e-089 1.21886089e-151 7.40118298e-082
 7.35461165e-103 6.07756223e-147 1.55789650e-069 2.47799360e-083
 1.00000000e+000 1.00000000e+000 8.47033179e-054 2.79111958e-032
 1.00000000e+000 5.65435131e-057 1.00000000e+000 4.48709975e-126
 9.09261154e-174 4.29916891e-057 1.16554849e-029 3.97277472e-197
 3.01227658e-136 5.59706019e-058 2.91595813e-116 2.54267656e-163
 1.00000000e+000 1.03102637e-064 1.95952488e-203 1.23438943e-177
 1.00000000e+000 1.17835444e-113 1.49598820e-118 5.83569319e-159
 3.74854054e-202 3.18806326e-128 2.38252053e-177 5.97672313e-095
 3.93379713e-160 1.00000000e+000 1.00000000e+000 1.10288845e-220
 2.00117147e-083 1.74464788e-298 1.41462268e-097 3.51829174e-094
 5.34808870e-134 9.25995963e-127 5.72366006e-051 2.69692579e-085
 2.60334030e-115 4.78646205e-122 9.61195834e-135 4.24530114e-069
 1.00000000e+000 7.90198212e-098 1.00000000e+000 1.25518178e-142
 1.00000000e+000 8.03924908e-007 1.00000000e+000 4.66371332e-177
 1.00000000e+000 1.95092026e-110 2.79055777e-097 1.06278747e-097
 9.18700040e-188 1.54516288e-042 1.25288246e-077 2.08604865e-060
 2.40193240e-132 1.89528801e-108 8.71226378e-087 4.07549117e-074
 6.85486571e-127 1.60313233e-190 5.28635315e-140 1.00000000e+000
 5.90907051e-075 1.04996155e-079 8.09218409e-082 2.01717139e-126
 4.33027805e-108 7.16403625e-121 7.69759232e-074 4.56409877e-160
 2.61416137e-131 4.47890565e-148 5.12571304e-078 1.00000000e+000
 8.21348758e-137 2.15165831e-072 7.78348199e-125 2.95229271e-109
 2.22262577e-118 7.08085952e-298 5.84755028e-116 8.05790085e-103
 1.00000000e+000 1.75629696e-106 7.43748627e-088 1.00000000e+000
 6.18318816e-061 1.00000000e+000 1.05890020e-146 2.31692185e-106
 1.00000000e+000 7.79496396e-182 1.13140819e-058 1.54820881e-158
 5.91970543e-053 3.49291810e-082 1.00000000e+000 9.26037526e-281
 8.43169177e-192 9.53160782e-055 6.42332826e-112 1.79701000e-068
 3.02582811e-163 2.01818115e-076 1.21225113e-085 8.55264392e-103
 1.05822093e-188 2.70060329e-153 6.92128827e-242 1.14953859e-095
 1.00000000e+000 1.00000000e+000 4.70716003e-097 7.38624732e-111
 8.69400162e-091 1.00000000e+000 1.00000000e+000 4.73453235e-119
 4.56409877e-160 1.00000000e+000 9.40928268e-046 3.25411149e-062
 1.88897595e-110 6.47784886e-155 2.51125755e-086 1.25784969e-069
 1.00000000e+000 1.90529400e-100 5.62572011e-086 0.00000000e+000
 5.05204497e-139]

iv)Sport:
[4.02386278e-091 8.21040586e-104 3.08204940e-185 3.43656730e-197
 2.22769376e-137 6.66053533e-240 3.54616026e-086 1.00000000e+000
 0.00000000e+000 6.08836468e-044 1.39416153e-085 7.28580673e-082
 8.43293502e-115 4.39712756e-143 4.15399989e-167 1.01507345e-173
 3.55292764e-111 1.67538452e-135 1.00000000e+000 3.02440100e-294
 1.00000000e+000 8.24800379e-203 1.00000000e+000 2.18289157e-151
 3.69708840e-290 3.11228173e-163 6.03360987e-305 1.00000000e+000
 9.94927520e-087 1.03381303e-096 1.08394860e-206 1.29964054e-142
 1.23313314e-135 2.75745933e-173 4.04065120e-071 6.61844394e-126
 3.11748976e-143 1.24825821e-183 5.01013647e-066 1.00000000e+000
 1.86845035e-162 3.19860091e-082 4.96989676e-174 5.10610696e-127
 1.00000000e+000 6.07926687e-154 1.00000000e+000 1.00000000e+000
 9.32000078e-166 5.16363654e-042 2.81015368e-069 6.51457963e-107
 6.28713616e-145 5.03304988e-134 6.30970947e-091 6.23282191e-042
 1.00000000e+000 4.11679246e-155 9.54771816e-183 1.00000000e+000
 1.37418196e-063 5.05553774e-067 7.25995498e-169 1.00000000e+000
 3.15923904e-195 1.62514445e-090 4.19767518e-150 5.89850641e-306
 1.89567788e-114 3.19686078e-090 4.98714915e-110 1.87222213e-166
 1.00000000e+000 1.45016025e-264 0.00000000e+000 1.00000000e+000
 1.39842433e-207 5.24376985e-132 1.00000000e+000 5.82115502e-074
 2.44542164e-153 2.94073225e-118 1.30834709e-102 3.88100128e-104
 5.90995601e-149 1.08283793e-056 1.66686958e-235 1.20590909e-114
 1.00000000e+000 1.00000000e+000 0.00000000e+000 1.75336124e-209
 1.00000000e+000 1.31371002e-271 1.00000000e+000 1.00000000e+000
 2.76184316e-109 5.76553280e-204 1.00000000e+000 1.42248931e-147
 1.29409021e-155 3.31059219e-090 1.64986092e-126 1.78367192e-140
 3.63388950e-098 2.35885721e-057 2.22930378e-140 1.29162750e-071
 1.00000000e+000 8.49485860e-080 1.51182432e-134 1.00000000e+000
 8.02120160e-198 1.11495249e-048 7.94869637e-092 1.05120255e-053
 2.24506134e-048 1.00000000e+000 1.00000000e+000 1.00000000e+000
 1.00000000e+000 1.88795167e-089 2.88302771e-114 1.00000000e+000
 5.32476266e-073 8.50141447e-122 1.00000000e+000 6.41094627e-194
 1.00000000e+000 3.61474601e-093 4.54647862e-269 8.71784856e-092
 1.78109587e-087 7.92903337e-095 1.00000000e+000 3.47568194e-193
 1.13218239e-097 1.28888458e-305 1.12747751e-134 1.17441811e-205
 4.21687957e-181 1.77173987e-194 2.15936886e-087 4.61644316e-077
 0.00000000e+000 6.31998797e-056 1.39878590e-220 1.00000000e+000
 3.17995080e-186 7.28810141e-108 1.22562331e-274 1.86960751e-121
 3.49714120e-069 1.00000000e+000 1.00000000e+000 5.66556703e-110
 8.19103630e-064 7.66454190e-056 9.75151257e-076 4.74479794e-120
 8.19920873e-112 3.18711583e-234 8.69558638e-115 1.45651567e-186
 7.68412093e-138 5.02195518e-283 2.99710140e-104 3.79370390e-074
 0.00000000e+000 3.22581473e-172 3.61172349e-287 2.67385611e-153
 4.71899675e-086 3.37808291e-191 3.09099174e-151 7.17168340e-177
 1.00000000e+000 0.00000000e+000 4.86467045e-270 1.93515411e-099
 1.00000000e+000 1.76671217e-127 1.00000000e+000 4.11916858e-124
 2.48954137e-125 6.20725426e-071 4.67007729e-188 2.44374862e-099
 5.74979912e-203 9.24836922e-075 2.93935770e-076 1.00000000e+000
 1.27377559e-149 8.02876413e-250 1.16453532e-148 5.67817806e-068
 1.29097574e-167 8.29843342e-181 4.31856125e-087 1.00000000e+000
 1.00000000e+000 5.38515539e-154 1.72289315e-271 1.00000000e+000
 1.00000000e+000 5.78399931e-244 1.01928073e-159 1.00000000e+000
 3.75218837e-154 1.47553328e-189 4.35470781e-179 1.00000000e+000
 4.69633235e-264 7.33150149e-117 1.31621494e-134 1.97471917e-108
 1.83208608e-204 7.17046268e-114 1.00000000e+000 1.00000000e+000
 2.13306775e-116 2.15833656e-082 4.82647604e-087 1.00000000e+000
 1.00000000e+000 2.84007212e-123 8.09833015e-060 5.96638154e-209
 1.14140918e-077 1.00000000e+000 4.88916349e-104 7.90528041e-087
 3.90029646e-099 3.60907707e-169 0.00000000e+000 4.94215802e-162
 1.23932154e-161 1.00000000e+000 3.57428643e-179 1.81836876e-184
 1.00000000e+000 1.00000000e+000 9.25542102e-137 7.89900324e-265
 1.00000000e+000 3.97509893e-224 3.81336568e-069 5.18388287e-201
 4.07147432e-140 5.00009134e-206 3.48758579e-086 4.01524758e-171
 7.69353611e-122 4.53410497e-163 5.44965786e-232 3.27659229e-107
 1.41278165e-162 1.00000000e+000 1.00000000e+000 9.63031799e-065
 1.00000000e+000 1.00000000e+000 7.99494881e-084 2.51026326e-054
 4.75438366e-066 1.69526082e-083 1.00000000e+000 2.10343461e-243
 1.00000000e+000 1.00000000e+000 2.69003433e-197 1.00000000e+000
 1.00000000e+000 1.00000000e+000 1.45314975e-163 1.61168972e-227
 4.36174629e-288 1.00000000e+000 2.31972819e-103 1.00000000e+000
 7.39430503e-144 5.41808634e-048 1.00000000e+000 2.27160644e-143
 4.13123437e-128 3.32408425e-245 1.00000000e+000 1.47949694e-104
 2.70775787e-196 2.34078392e-087 1.24296004e-095 6.82130744e-160
 1.40336527e-140 6.10835830e-127 1.00000000e+000 3.60478276e-302
 1.00000000e+000 8.24142791e-233 3.47624588e-320 3.05301360e-195
 5.12625726e-157 2.32217762e-122 6.81954832e-202 1.90594676e-133
 1.46971761e-082 1.00000000e+000 1.00000000e+000 2.75864115e-108
 1.91399661e-144 7.88178179e-199 4.79769680e-062 1.00000000e+000
 4.36661065e-136 2.19916945e-070 5.34868220e-073 8.86335960e-116
 1.82701942e-153 1.00000000e+000 1.00000000e+000 6.37559485e-174
 7.57491427e-100 3.05457029e-082 9.43623661e-121 2.93980322e-183
 1.33882767e-204 1.00000000e+000 1.03896519e-231 6.66053533e-240
 1.44305740e-133 1.00000000e+000 9.09885890e-141 1.14213769e-166
 1.00000000e+000 9.36556131e-222 4.64849056e-195 3.89426808e-125
 3.64596181e-260 3.20102915e-150 3.68770844e-141 3.36587234e-297
 4.39780454e-088 1.00000000e+000 9.35241047e-152 8.51903661e-117
 1.00000000e+000 2.34890087e-153 1.00000000e+000 1.00000000e+000
 3.88372187e-211 1.00000000e+000 1.25213896e-111 2.39598194e-081
 1.47927104e-184 1.61889086e-121 1.30830975e-074 1.00015609e-118
 1.84153607e-074 2.89006807e-070 1.78657672e-105 3.10240188e-195
 5.78785920e-115 2.92543018e-124 1.00000000e+000 1.16252449e-097
 6.25811608e-227 1.29721148e-065 6.59376917e-114 5.02040315e-078
 1.00000000e+000 1.00000000e+000 1.00000000e+000 3.58468999e-103
 3.49566210e-128 8.97680406e-248 1.00000000e+000 7.00739009e-078
 3.28658077e-070 1.00000000e+000 1.00000000e+000 1.72855327e-129
 8.61742553e-147 4.94215802e-162 2.44776133e-058 4.56125371e-198
 1.07169319e-151 9.49030122e-234 3.56380756e-093 3.82044213e-113
 6.79907507e-223 9.88442408e-116 3.17584885e-138 5.66795135e-158
 1.00000000e+000 8.05958913e-256 1.00000000e+000 7.34031303e-108
 8.82881329e-073 7.77207040e-144 1.12453513e-076 7.65126697e-158
 1.00000000e+000 6.60859698e-227 1.76766257e-164 1.00000000e+000
 1.12498668e-081 1.00000000e+000 2.53859742e-062 4.03403099e-129
 1.90867467e-121 1.33742469e-059 3.52137001e-191 1.00000000e+000
 1.00000000e+000 8.62856824e-104 8.12138758e-133 1.48981188e-108
 1.18864456e-182 1.00000000e+000 1.00000000e+000 2.95601652e-119
 5.80218975e-245 1.06933807e-180 0.00000000e+000 3.83424113e-189
 1.42883399e-152 8.08242774e-255 1.89779931e-179 1.00000000e+000
 9.17476076e-123 1.29859512e-180 3.50504352e-137 3.20107625e-126
 4.56125371e-198 6.73646198e-180 2.71603872e-084 6.76378498e-088
 2.31189297e-125 1.00000000e+000 3.03432390e-107 1.00000000e+000
 2.43833470e-054 1.00000000e+000 1.00000000e+000 0.00000000e+000
 2.63439836e-174]

v)Tech:
[3.02001755e-067 5.80146414e-100 1.00000000e+000 3.53374928e-174
 1.34823568e-142 1.00000000e+000 3.86832254e-063 1.36968902e-166
 1.00000000e+000 1.38370242e-047 4.24113274e-093 2.36653537e-088
 1.47219713e-122 3.78275859e-092 1.00000000e+000 1.00000000e+000
 2.57226915e-090 1.25794928e-102 3.88997081e-093 1.00000000e+000
 1.52527519e-091 2.45534732e-165 7.64201663e-082 1.77689833e-086
 1.00000000e+000 3.04295223e-182 1.00000000e+000 1.64137078e-062
 6.07573448e-066 3.21517072e-069 1.92332031e-146 1.00000000e+000
 2.07834704e-152 1.00000000e+000 4.37034603e-065 7.35805264e-081
 1.00000000e+000 5.80213912e-110 3.53688136e-029 2.20106767e-043
 1.00000000e+000 1.12541968e-096 1.00000000e+000 8.94073453e-087
 9.83273701e-097 4.34098779e-130 2.56617223e-113 1.52578854e-089
 1.37978154e-164 3.15061579e-047 1.05249364e-062 4.97981413e-072
 8.74575628e-169 1.00000000e+000 6.40853260e-060 1.36390019e-065
 6.35236388e-064 1.00000000e+000 4.24323863e-208 8.47746564e-062
 7.96003788e-067 2.63930961e-067 2.99326937e-182 4.34857367e-232
 1.00000000e+000 9.57164355e-072 1.44362685e-121 1.11154947e-226
 1.56361183e-085 1.21747593e-050 1.14614731e-073 3.07958860e-167
 1.24567535e-055 1.00000000e+000 0.00000000e+000 5.14412170e-123
 7.67700219e-205 1.06211063e-109 1.51756682e-186 3.71124849e-111
 1.00000000e+000 7.46873484e-081 1.00000000e+000 2.99119160e-063
 1.13908683e-099 8.72815546e-065 1.34990346e-180 6.24638764e-096
 1.16285176e-057 1.60274415e-073 0.00000000e+000 4.95706758e-178
 5.92835050e-105 1.00000000e+000 3.77168052e-123 2.17101692e-105
 3.37366599e-098 1.54748678e-148 4.03101170e-240 8.68743315e-100
 5.99933351e-148 4.89888257e-063 3.96133889e-152 1.00000000e+000
 6.24140585e-080 2.58486731e-041 3.83052682e-118 3.54245066e-065
 5.89592192e-060 1.19227588e-047 1.00000000e+000 4.32837732e-233
 1.00000000e+000 5.28932234e-054 4.51582204e-070 8.48884288e-069
 1.00000000e+000 1.22222122e-076 2.00847070e-172 1.04324443e-096
 1.01689083e-084 3.00985352e-009 2.56819388e-094 4.04358909e-087
 1.35442937e-052 1.00000000e+000 6.35277462e-078 7.96257428e-187
 5.50739416e-101 7.76008244e-082 1.00000000e+000 5.38953318e-114
 1.65813147e-043 9.16154594e-082 1.11265723e-083 1.00000000e+000
 6.08617403e-084 1.00000000e+000 1.73634033e-121 1.57657025e-139
 2.17852815e-091 3.21926134e-135 1.79647491e-101 1.00000000e+000
 1.00000000e+000 1.05708558e-066 8.63024022e-227 1.78696688e-074
 3.19073375e-163 1.07559708e-157 1.00000000e+000 2.62086330e-079
 3.16897701e-052 2.43152793e-120 1.14224392e-174 7.52944727e-095
 1.19880917e-095 5.17497382e-046 3.36905659e-078 1.00000000e+000
 1.45649147e-098 7.48430901e-189 6.74693058e-074 1.00000000e+000
 1.00000000e+000 4.98208514e-147 9.90814098e-017 1.17743096e-078
 1.00000000e+000 1.00000000e+000 8.32715514e-187 1.00000000e+000
 3.10735521e-070 1.00000000e+000 4.03063108e-122 1.00865062e-170
 5.41410846e-068 7.53158195e-281 1.00000000e+000 1.88209766e-098
 4.28431810e-183 2.95241471e-109 1.44234018e-090 3.02769200e-115
 1.10073272e-112 2.53596471e-067 1.00000000e+000 1.68755189e-077
 5.93201984e-126 4.24675060e-064 5.02554136e-066 2.00342472e-051
 5.32148833e-099 1.00000000e+000 1.93626473e-129 1.35722242e-066
 6.52173243e-133 1.00000000e+000 7.70900026e-089 1.29332279e-209
 5.05390824e-194 3.66758065e-103 1.17831612e-230 3.33040393e-166
 4.28408603e-059 1.00374904e-157 1.34917911e-113 0.00000000e+000
 3.30607091e-141 1.00000000e+000 1.09091464e-177 7.74005022e-121
 1.45385430e-143 1.00000000e+000 1.39218038e-105 4.50947312e-130
 3.07395432e-152 6.70738278e-087 6.78298196e-073 1.97314036e-051
 4.46255507e-098 4.73720471e-067 3.02848890e-085 0.00000000e+000
 1.11485354e-041 3.76312216e-096 1.75730964e-045 1.00000000e+000
 4.37216938e-089 3.08081453e-069 1.00000000e+000 4.17485023e-094
 6.68526172e-074 2.13040820e-146 1.00000000e+000 1.00000000e+000
 6.66194072e-122 5.68321322e-244 2.15279492e-164 1.00000000e+000
 6.96760453e-081 3.97360228e-053 2.42272099e-087 8.26810419e-216
 6.89152556e-121 2.75332383e-198 9.63424555e-038 2.43179616e-171
 5.77417761e-119 3.64786272e-157 1.00000000e+000 1.18959018e-109
 5.01169139e-118 1.00000000e+000 1.00000000e+000 6.42484853e-074
 1.12106793e-125 2.71715093e-079 1.27230224e-084 1.18594458e-083
 1.67727499e-099 2.71003523e-053 7.67372212e-097 6.49618806e-041
 7.24425306e-072 1.00000000e+000 3.25010433e-084 1.00000000e+000
 7.04378648e-113 8.41663741e-260 9.55973563e-164 2.07092600e-107
 1.63446334e-107 1.73627791e-144 1.00000000e+000 1.00000000e+000
 6.04610063e-184 1.06747352e-123 3.58414325e-096 3.19853159e-060
 1.81166994e-114 3.15571756e-048 3.28143925e-064 2.04636547e-119
 1.00000000e+000 6.12409487e-240 4.12876734e-123 1.00524915e-116
 8.33028347e-138 1.52138809e-068 1.46854836e-084 1.34320762e-134
 2.71790674e-104 1.00000000e+000 2.02415078e-279 1.00000000e+000
 3.83771384e-070 6.92363441e-190 1.00000000e+000 9.37551604e-126
 1.16286634e-105 2.52667902e-072 1.00000000e+000 1.00000000e+000
 1.40179069e-091 8.51895039e-165 1.09537746e-092 3.53638715e-069
 2.39019397e-115 4.61175955e-162 8.83118705e-043 1.15925829e-045
 1.58389237e-109 1.50588643e-044 2.94561217e-072 2.30203825e-119
 2.64122006e-169 2.18563727e-052 8.92071511e-030 8.45529200e-216
 1.39234157e-144 8.74514627e-073 1.00000000e+000 2.88230322e-191
 1.71409186e-161 4.89753771e-089 1.00000000e+000 1.00000000e+000
 8.33878285e-149 3.74420477e-125 1.00000000e+000 1.00000000e+000
 1.37626776e-239 1.52868737e-124 5.27013654e-151 4.08021212e-088
 1.00000000e+000 1.98235540e-125 2.17404148e-140 1.00000000e+000
 8.32690089e-087 0.00000000e+000 3.73248066e-089 1.00000000e+000
 1.56522282e-146 1.07817140e-101 1.00657311e-051 2.43468009e-097
 1.00000000e+000 4.01370020e-140 8.36468150e-129 1.66102345e-062
 6.29124291e-186 2.01879442e-115 3.13701817e-056 6.62087282e-143
 2.63081591e-072 1.68131161e-040 3.66375489e-112 5.31525837e-119
 3.29757660e-089 1.00000000e+000 8.26811049e-119 1.43099014e-114
 4.54489821e-199 2.40343519e-046 3.83552326e-073 2.48376501e-048
 8.02211953e-146 3.10050705e-133 4.44762080e-099 2.91435879e-077
 2.80790474e-134 1.00000000e+000 1.43300238e-173 1.07062879e-054
 4.23380617e-078 2.76550299e-089 2.41205837e-081 3.00264830e-088
 1.94377907e-096 1.00000000e+000 3.97314475e-083 1.00000000e+000
 1.35931996e-118 1.38547488e-140 1.00000000e+000 3.19374113e-098
 3.77572449e-165 1.00000000e+000 1.00000000e+000 1.00000000e+000
 5.30556782e-131 6.48175684e-316 4.24522911e-160 1.23711474e-092
 4.07458704e-072 1.51547971e-118 9.11247044e-077 1.78173393e-137
 4.72840489e-059 9.32609324e-185 6.70469312e-153 1.64091136e-142
 8.93996162e-043 5.40973547e-208 4.09952476e-047 1.92624764e-165
 1.00000000e+000 1.96978541e-087 7.83832014e-135 5.47427623e-296
 2.49795398e-200 2.64559155e-078 4.12326062e-091 1.14346713e-030
 1.00000000e+000 2.86067579e-090 1.05229790e-094 2.07132923e-100
 2.38456048e-156 1.00000000e+000 1.00000000e+000 1.14750085e-098
 1.18712915e-133 8.22002530e-180 3.19341713e-104 2.45575432e-110
 1.00000000e+000 1.07748797e-184 5.81008139e-128 1.00000000e+000
 1.00000000e+000 4.48510095e-167 5.76104732e-073 1.07540492e-051
 1.00000000e+000 1.18132126e-187 2.94888276e-083 7.56746443e-095
 2.24024419e-051 7.04615050e-108 7.57105634e-108 1.00000000e+000
 5.82247469e-132]


f)Vocabulary size:
343

g)Number of tokens of each class:


i)Business word tokens:

  (0, 0)	1

ii)Entertainment word tokens:

  (0, 0)	174

iii)Politics word tokens:



iv)Sport word tokens:

0

v)Tech word tokens:

  (0, 0)	13


h)Number of word-tokens in the whole corpus
786

i)Number of word counts of frequency 0 in each class

i)Business:

Number of word counts of frequency 0 in Business class
444
Percentage of word counts of frequency 0 in Business class
0.9977528089887641

ii)Entertainment:

Number of word counts of frequency 0 in Entertainment class
326
Percentage of word counts of frequency 0 in Entertainment class
0.7325842696629213

iii)Politics:

Number of word counts of frequency 0 in Politics class
445
Percentage of word counts of frequency 0 in Politics class
1.0

iv)Sports:

Number of word counts of frequency 0 in Sports class
445
Percentage of word counts of frequency 0 in Sports class
1.0

v)Tech:

j)Number of word counts of frequency 0 in Entertainment class
440
Percentage of word counts of frequency 0 in Entertainment class
0.9887640449438202


Number of word counts of frequency 1 in the whole corpus
68
Percentage of word counts of frequency 1 in the whole corpus
0.15280898876404495

k)Favorite words count and frequency

i)Favorite word count in dataset:
240682